% # columns="iteration, evaluation, sigma, axis ratio, bestever, best, median, worst objective function value, interquartile range, 25%tile, current best feasible f-value, further/more values", seed=42, Thu Oct 30 22:06:02 2025, <python>{}</python>
1 100 1.3354011625304725 1.0000333338888951 -0.007977771202130928 -7.9777712021309281e-03 107.0973355769473 110.92595337993015 109.44115667946234 0.0054022905998479314 nan   
2 200 1.8352006703565704 1.6632359023125047 -0.008198027985162538 -8.1980279851625384e-03 0.003287076668458735 111.2930865068303 103.93448350181806 -0.003552142759061444 nan   
3 300 2.2721776433146568 2.775238022656187 -0.008435393522657129 -8.4353935226571287e-03 -0.003271543187512011 110.65755026658398 0.011215895936778054 -0.006264757788894292 nan   
4 400 2.6219729272976173 4.595162339698701 -0.008662939565299312 -8.6629395652993123e-03 -0.006586194770630572 108.60452771521354 0.003521034340640824 -0.00786041435058564 nan   
5 500 2.44758014568183 6.751914359021963 -0.008662939565299312 -8.6073538685398059e-03 -0.007281658292577348 107.26498364093767 0.0027077267605451136 -0.008053034471995256 nan   
6 600 2.183458721648928 13.91990427375065 -0.00885129583465881 -8.8512958346588094e-03 -0.008210037973318516 -0.004717326113789124 0.00038400135026003465 -0.008380090966878983 nan   
7 700 2.1423679718963275 18.765452354063502 -0.00885129583465881 -8.6246230789949821e-03 -0.008303677852127664 -0.007596535786830739 0.0002473028556881935 -0.008423404400558863 nan   
8 800 1.9845434725320945 14.22833989714046 -0.00885129583465881 -8.7187845597469608e-03 -0.00830165614391749 -0.007845814903134768 0.00021736699791517072 -0.008421600551520393 nan   
9 900 1.8579703512474122 15.716942785913222 -0.00885129583465881 -8.7773261001594625e-03 -0.008379619562571048 -0.007945799911639191 0.00023622898437572308 -0.00848073878891288 nan   
10 1000 1.8367897891661227 19.283939104678854 -0.00885129583465881 -8.7374687151621482e-03 -0.008349695397374086 -0.007901998673240263 0.00020545483468297626 -0.008473160343249068 nan   
11 1100 1.8068939006530298 30.711496090477095 -0.00885129583465881 -8.7512418427646999e-03 -0.008383747329814182 -0.007946263724647986 0.00021248367987929118 -0.008507530888490888 nan   
12 1200 1.7255786320352413 36.57473835551925 -0.008863897455162015 -8.8638974551620148e-03 -0.00841698168851093 -0.008110793790889099 0.0001979175948420616 -0.008509435238370996 nan   
13 1300 1.6725320359267952 44.88556444271372 -0.008863897455162015 -8.7237959165024463e-03 -0.00836401348663266 -0.007917759421850525 0.0002168613192909223 -0.008506660829714591 nan   
14 1400 1.6499637109523133 45.34709429896182 -0.008863897455162015 -8.8003484399197113e-03 -0.008365698822022262 -0.00804161630020237 0.00023638096303693623 -0.008493831903636544 nan   
15 1500 1.8487622588881394 48.47691192836127 -0.00889011268878118 -8.8901126887811800e-03 -0.008395375949893176 -0.00806467780009861 0.00017742321245293145 -0.008481085760908277 nan   
16 1600 1.7844424039363826 43.86439619450711 -0.00889011268878118 -8.8090970002572960e-03 -0.008397037249897588 -0.008102673958751123 0.00021184259143481113 -0.008511970420204695 nan   
17 1700 1.9258834625715562 42.05757464791802 -0.00889011268878118 -8.7859612659448062e-03 -0.008428355438588572 -0.008116486472068866 0.000191210078562069 -0.00852699717005484 nan   
18 1800 1.8609556415016104 37.903182995027855 -0.00889011268878118 -8.8053033536800648e-03 -0.008367877267660551 -0.00803735021577279 0.0002176798940528111 -0.008474129773338676 nan   
19 1900 1.845009834362592 35.31025891114504 -0.00889011268878118 -8.7440399305938887e-03 -0.008379760860550456 -0.008024071670419672 0.00020005956745523974 -0.00850069288174295 nan   
20 2000 1.8677103201926986 52.24617350905934 -0.00889011268878118 -8.7688542823503007e-03 -0.008408209634007218 -0.007960356944167999 0.00020742788757275796 -0.008511449024041096 nan   
21 2100 1.823066486945915 53.82599916688342 -0.00889011268878118 -8.7150371536661615e-03 -0.008446485853772036 -0.007826198191202977 0.00020189021851917295 -0.00852438172236045 nan   
22 2200 1.9785163742539027 61.8301535808184 -0.00889011268878118 -8.7166300860137130e-03 -0.008355410650690334 -0.00785995627561585 0.00018872343473986392 -0.008472546165220574 nan   
23 2300 2.0054566131209297 120.54952053691225 -0.00889011268878118 -8.8461430653570348e-03 -0.008433324555711686 -0.008030172289709075 0.00016632656699288283 -0.008476874373415391 nan   
24 2400 1.9018957435826016 94.78640263682794 -0.00889011268878118 -8.8884682790840285e-03 -0.008440072623690285 -0.008050586370089855 0.00023000858087076498 -0.00853408775091543 nan   
25 2500 2.141779256115387 72.98598993160007 -0.00889011268878118 -8.8005550183493219e-03 -0.008436491372720487 -0.008003222557388712 0.00018853155353060896 -0.008508673544263243 nan   
26 2600 2.0276358230946188 73.28702347575378 -0.00889011268878118 -8.7432741641052733e-03 -0.008409770292806795 -0.008051103634213205 0.0001736344296183398 -0.00848809613252174 nan   
27 2700 2.1314718778279564 78.21280892699264 -0.00892303992485111 -8.9230399248511096e-03 -0.008415978524229059 -0.008056406449993456 0.00017785508390258213 -0.008495631539130528 nan   
28 2800 2.506051798877668 79.15328054653442 -0.00892303992485111 -8.8160436983608162e-03 -0.008380081823572175 -0.008083038376145516 0.00021601227575927633 -0.00851251092129979 nan   
29 2900 2.3820981076197065 77.72552152399578 -0.00892303992485111 -8.8536518314889685e-03 -0.00838850114974855 -0.008067075118493893 0.00019727711329803506 -0.008486194602113754 nan   
30 3000 2.0770322361025046 98.25885745609823 -0.00892303992485111 -8.7264633959257074e-03 -0.008408044084299387 -0.008056348044340002 0.00023702402689686902 -0.008532213811751933 nan   
31 3100 2.1451095521174213 131.2479074934329 -0.00892303992485111 -8.7772756029812632e-03 -0.008381152182860369 -0.00808338708852392 0.00021130353299439117 -0.00849120563441777 nan   
32 3200 2.10499509662011 127.67318839502694 -0.00892303992485111 -8.7391202592405799e-03 -0.008389730166432251 -0.008004706015106621 0.00022490732287341886 -0.008491267982979282 nan   
33 3300 2.00580727436031 104.81164325306901 -0.00892303992485111 -8.7693909501803478e-03 -0.008444488350390626 -0.008086186802599392 0.00019144284160126784 -0.00853217180242646 nan   
34 3400 2.1801984812188833 110.28570123247795 -0.00892303992485111 -8.8966257714148261e-03 -0.008395547193095284 -0.008058839157716614 0.00019923669595598922 -0.008480958679158539 nan   
35 3500 1.9737822769444138 104.46836868295192 -0.008925496958594624 -8.9254969585946236e-03 -0.00838081081279692 -0.00801825835090957 0.0001915904311970626 -0.008495018465159768 nan   
36 3600 1.8714649940565826 145.96926249041658 -0.008925496958594624 -8.9100111120547342e-03 -0.008393994070932888 -0.008045825149815831 0.00024563242564001886 -0.008533928836764959 nan   
37 3700 2.1086367529179793 141.85802369381844 -0.008925496958594624 -8.8166169695376995e-03 -0.00833656827930363 -0.007952717649920789 0.00021826270480861977 -0.008491818423429205 nan   
38 3800 2.122416970970026 125.63881873236564 -0.008925496958594624 -8.7738457621131648e-03 -0.008399676632464482 -0.008007292930078186 0.00021610981482228682 -0.008521447356943362 nan   
39 3900 2.268962959395576 124.01594728055541 -0.008925496958594624 -8.8344543403719514e-03 -0.008401843532375962 -0.007842363860447711 0.0002309959958854517 -0.008540951481830997 nan   
40 4000 2.1938511453152305 178.16109119116888 -0.008925496958594624 -8.8365107861758229e-03 -0.008377201339387942 -0.008038673342500184 0.0001687227685124252 -0.008462244687085561 nan   
41 4100 1.964476059212815 194.44773351685842 -0.008925496958594624 -8.8401654220823366e-03 -0.008419518329947513 -0.00793809809865801 0.00023472882047432045 -0.008540085197570928 nan   
42 4200 1.795398466390789 203.12463309351133 -0.008925496958594624 -8.8176629133258789e-03 -0.008423656079992937 -0.00805063239329103 0.00018372743306517385 -0.008510734446636374 nan   
43 4300 1.8455632057781723 222.18038436756072 -0.008925496958594624 -8.7861803555971969e-03 -0.008399918131594594 -0.008075013522883912 0.0002054694279538423 -0.008509910876679436 nan   
44 4400 1.7187804648929037 190.24124005608047 -0.008925496958594624 -8.8152531151060309e-03 -0.008421142947597235 -0.008042190797594537 0.000285414581226974 -0.008580317503476664 nan   
45 4500 1.8519447341776614 196.84600652474558 -0.008925496958594624 -8.8444943018157161e-03 -0.008393998370474932 -0.008008798711028556 0.00022854250738363856 -0.0085227869995536 nan   
46 4600 1.923745834051344 158.0030724499157 -0.008925496958594624 -8.7817700156385542e-03 -0.008375578437330706 -0.00808961113389142 0.00021147866333413347 -0.008497898042324592 nan   
47 4700 1.898065554542253 192.57240849255905 -0.008925496958594624 -8.6975925922005998e-03 -0.008426146991133664 -0.00811999886440328 0.0001650501188608048 -0.00848997464392408 nan   
48 4800 1.9934673896633925 201.20944463848278 -0.008925496958594624 -8.8952901689241231e-03 -0.008371576041361866 -0.008137272925737063 0.0002258048534876482 -0.00850269973506267 nan   
49 4900 1.9379393232393285 254.35102471182486 -0.008925496958594624 -8.7646122410128292e-03 -0.00839436304162371 -0.008123340817074968 0.00020460616914074435 -0.008486565903162142 nan   
50 5000 1.986098858978133 249.97124107014034 -0.008925496958594624 -8.8960753121497000e-03 -0.008388999140249436 -0.008080108268265914 0.00018896664906383268 -0.008481040146801013 nan   
51 5100 2.2332087577280157 392.8322656682121 -0.008925496958594624 -8.7479133794333749e-03 -0.008384277149553919 -0.00794820786950527 0.0002335177042819131 -0.008503655630182572 nan   
52 5200 2.0347761085775615 661.6583555132617 -0.009000221466105225 -9.0002214661052248e-03 -0.008431336380285061 -0.00798746034901196 0.0002378153265827597 -0.008556194113158468 nan   
53 5300 2.0254792368407237 734.7083429251718 -0.009000221466105225 -8.7667365805229446e-03 -0.008385318552662125 -0.00802713337053905 0.00020970728703387578 -0.008497476054051278 nan   
54 5400 1.7973532005308723 839.8172577690993 -0.009000221466105225 -8.8672503797116477e-03 -0.00840369094867447 -0.008002968949170618 0.00020360045266534094 -0.00850667314804569 nan   
55 5500 1.6873877087289029 828.9149829386313 -0.009000221466105225 -8.8122804535572530e-03 -0.008462407472957376 -0.008015710485222293 0.00018054782493927626 -0.008541856995994246 nan   
56 5600 1.7023772194737095 650.9671608107384 -0.009000221466105225 -8.8216019019554653e-03 -0.008399577238581464 -0.008000899001323981 0.00023098470732853087 -0.008513071021373702 nan   
57 5700 1.5766798092351735 846.4052413631684 -0.009000221466105225 -8.8702845018644363e-03 -0.008414604838584201 -0.007999747634605236 0.0001840907966642706 -0.008529386205252306 nan   
58 5800 1.595908113253578 1076.4666461309894 -0.009000221466105225 -8.9220699081805459e-03 -0.00841928815245242 -0.008036445449390655 0.00021638668196841473 -0.008534825812213338 nan   
59 5900 1.5804129015152615 1212.2925537954134 -0.009000221466105225 -8.7013705592577338e-03 -0.008376979043771625 -0.007906925316453902 0.00020609110179771115 -0.008508506642361828 nan   
60 6000 1.484769395887116 1087.8423510937414 -0.009000221466105225 -8.7270347142594431e-03 -0.008352811813558415 -0.008056372134169114 0.00019706568139860568 -0.008463987814743662 nan   
61 6100 1.5531144610465317 1076.1329882983887 -0.009000221466105225 -8.7320354781744419e-03 -0.008398963927109008 -0.007928620022277183 0.00023436279802261512 -0.008519396757270946 nan   
62 6200 1.725347026786253 900.6760691395707 -0.009000221466105225 -8.7391641346756914e-03 -0.008386012470378736 -0.008072888296178561 0.00018663869112134704 -0.008477888113585366 nan   
63 6300 1.5537679315526502 1084.8900253320028 -0.009000221466105225 -8.8005877611817013e-03 -0.00843245817804768 -0.008094079001014644 0.00018567329401881702 -0.00851418862592649 nan   
64 6400 1.4247154401773956 908.7785875059325 -0.009000221466105225 -8.9436613770297289e-03 -0.008407480542006258 -0.007929813603866515 0.00017616185314586752 -0.008502582178403554 nan   
65 6500 1.5288584479231402 1000.6901504774956 -0.009000221466105225 -8.8581785118359447e-03 -0.008421137881846636 -0.008093439069287469 0.00018329311392259115 -0.008515933957332734 nan   
66 6600 1.4625590190055655 673.8933461116575 -0.009000221466105225 -8.7924261291214018e-03 -0.008383215193288695 -0.008019890577722103 0.00022032181034925026 -0.008483171476452053 nan   
67 6700 1.2978350870638382 654.8740867509514 -0.009000221466105225 -8.7385757539980204e-03 -0.008432778468405396 -0.008108949909041626 0.00021673856227450404 -0.008550161747921248 nan   
68 6800 1.2445360520717186 742.2826829280672 -0.009000221466105225 -8.7519519613686730e-03 -0.008382036166879181 -0.007891517483797291 0.00022781179552473253 -0.008493470585736716 nan   
69 6900 1.2000478852500545 709.2478309161943 -0.009000221466105225 -8.7189483532618493e-03 -0.00840637989619112 -0.008065771839670619 0.00018598256632790765 -0.008499021970933477 nan   
70 7000 1.21090903272842 888.2490279314961 -0.009000221466105225 -8.8109874195580733e-03 -0.008396192213721588 -0.00808868375123082 0.00016877729438011246 -0.00849613254730677 nan   
71 7100 1.1323417244535998 817.4801702998977 -0.009000221466105225 -8.7727463569018081e-03 -0.008409749377984515 -0.00804207322738953 0.000183856750562348 -0.00849129058426315 nan   
72 7200 1.1503980264634688 704.254602306736 -0.009000221466105225 -8.8422583591748118e-03 -0.008387207882699805 -0.008088395817636205 0.00018747740505301036 -0.008487189200560918 nan   
73 7300 1.1783429253329392 566.3117103205891 -0.009000221466105225 -8.6830631267853890e-03 -0.008404163697660174 -0.007995428358999983 0.00017541805916831965 -0.008486544398943828 nan   
74 7400 1.1594582915117015 622.2571298439385 -0.009000221466105225 -8.8771393001280344e-03 -0.008385118345667774 -0.007996842597989351 0.00022555639522154648 -0.0085116702249158 nan   
75 7500 1.2112477928021161 646.0016965325243 -0.009000221466105225 -8.7781516525515732e-03 -0.008406781758216665 -0.008080822493760544 0.00024760969758098536 -0.008546230690459473 nan   
76 7600 1.15351778602193 585.9751606027576 -0.009000221466105225 -8.6815164676208260e-03 -0.008398607790624096 -0.007967832413900163 0.00017968113760392403 -0.008488238637131454 nan   
77 7700 1.083686923222026 548.5078624803862 -0.009000221466105225 -8.7539235947249189e-03 -0.008425717598148499 -0.00800407679474784 0.00018176816320699882 -0.008495935067659551 nan   
78 7800 1.0902626910655104 597.0917409082082 -0.009000221466105225 -8.7149537120611281e-03 -0.00842235992261418 -0.008139747488469988 0.00019966851763215596 -0.008512142295394494 nan   
79 7900 1.1324539781941874 636.0807340461474 -0.009000221466105225 -8.7692025040086302e-03 -0.0083718295706628 -0.007995311562151127 0.00017651175770392463 -0.008487961309046632 nan   
80 8000 1.0131443091086891 540.2362058744663 -0.009000221466105225 -8.7275471636829895e-03 -0.008391538830533868 -0.007928106763563668 0.0002478527903006702 -0.00851650650033205 nan   
81 8100 0.9564074410375804 613.9779450756394 -0.009000221466105225 -8.7615109486530521e-03 -0.008410787359482367 -0.007931824710571458 0.00019293844228330387 -0.008517385183398753 nan   
82 8200 0.8526261823861981 717.4637961029441 -0.009000221466105225 -8.7474598911410073e-03 -0.008389332901092476 -0.007940268510155512 0.0002460309212492743 -0.008525583583492084 nan   
83 8300 0.9043833813617668 911.4278886143147 -0.009000221466105225 -8.7527538079874082e-03 -0.008407707740817404 -0.00800579015553857 0.00020738706541511762 -0.008522895648452267 nan   
84 8400 0.9671134773628541 1038.0401904339003 -0.009017158306394137 -9.0171583063941366e-03 -0.008429197000139114 -0.007966560106741969 0.00021955319401488482 -0.008537664687172045 nan   
85 8500 0.8404617301145436 937.7889219038054 -0.009017158306394137 -8.8033485849064019e-03 -0.008415918502350447 -0.008070058963268739 0.00018916635906060172 -0.008502576463699653 nan   
86 8600 0.9006331732485346 1104.4307870006974 -0.009017158306394137 -8.7270431537161859e-03 -0.008400647280888044 -0.008065144427694914 0.00020172640816183696 -0.008519497148448223 nan   
87 8700 0.9248993128956825 735.0830555332684 -0.009017158306394137 -8.7649375609010205e-03 -0.008449453299176632 -0.007863420602940922 0.0001956846027800687 -0.00851174746302593 nan   
88 8800 0.9316309896869204 672.5231459442022 -0.009017158306394137 -8.8058748625200450e-03 -0.008434698759008461 -0.008128433558939538 0.00021721811190101616 -0.008537582681741002 nan   
89 8900 0.8880044960444857 558.6679815366684 -0.009017158306394137 -8.8255737171686888e-03 -0.008454889084312299 -0.008066034856107863 0.00019654659100252526 -0.00853884884613452 nan   
90 9000 0.8360681628212122 878.1764496422395 -0.009017158306394137 -8.7147637132620297e-03 -0.008413473947510366 -0.007981035324660902 0.00018646210868869008 -0.008493980513777722 nan   
91 9100 0.8047514767766396 777.3831413818738 -0.009017158306394137 -8.6739695614520603e-03 -0.008414796372734954 -0.007945759226105777 0.00021147185886102177 -0.008512688202245326 nan   
92 9200 0.8053831478066236 827.3140864632078 -0.009017158306394137 -8.8220118098733674e-03 -0.008399314930700673 -0.00807345770823756 0.0002466919994951085 -0.008530622654532468 nan   
93 9300 0.7569882872778488 569.9100009553007 -0.009017158306394137 -8.8076442849951819e-03 -0.008416419371589469 -0.007971855871818236 0.00021614479299214562 -0.008535924181720396 nan   
94 9400 0.7800848262884273 407.14044151846605 -0.009017158306394137 -8.7382119559214627e-03 -0.008410059107092424 -0.008038980889169772 0.0001716182465859601 -0.008502656758600326 nan   
95 9500 0.739665467276062 447.9835707908573 -0.009017158306394137 -8.7887656855497025e-03 -0.008404991876443325 -0.008044564068883497 0.00019916089508643237 -0.00852381129300744 nan   
96 9600 0.8045617974783676 511.14472868308417 -0.009017158306394137 -8.7976664714180409e-03 -0.008433118857957934 -0.007927826129720024 0.00020971031415998806 -0.008510922520878601 nan   
97 9700 0.8750215395275585 664.4044614157114 -0.009017158306394137 -8.8026373711950420e-03 -0.008374018992723727 -0.007964687720992332 0.00022847833387671518 -0.008533368611242135 nan   
98 9800 0.8502420118547066 603.6993841807473 -0.009017158306394137 -8.7963084970564855e-03 -0.008401260879633082 -0.00796658860962308 0.0001807527079305312 -0.008487609328274724 nan   
99 9900 0.8020243545528167 586.7899186971065 -0.009017158306394137 -8.9054037923859686e-03 -0.008383004428792102 -0.008082530903743631 0.00020666892643250896 -0.008492685108593329 nan   
100 10000 0.8757883590249439 548.8756478892849 -0.009017158306394137 -8.7623600763538072e-03 -0.00841303024389343 -0.008037410471297808 0.00021070932444032867 -0.008519906447232519 nan   
101 10100 0.8646285779288818 624.9295595886242 -0.009017158306394137 -8.7681007299457783e-03 -0.008399199772343198 -0.007988427366385761 0.0002166340744906934 -0.008505488056996831 nan   
102 10200 0.951857012838828 817.5774551673856 -0.009017158306394137 -8.7388916768899767e-03 -0.008383290704556333 -0.007855170538506005 0.00023850619182082602 -0.008493899194524479 nan   
103 10300 1.029819002084301 1181.1386185931417 -0.009017158306394137 -8.9551703824020442e-03 -0.008383093017897317 -0.008023797421529704 0.00021447851419765726 -0.00849220787778331 nan   
104 10400 1.1458068584149506 1108.1214009792664 -0.009017158306394137 -8.8319184003750936e-03 -0.008430764231093802 -0.008097901701543824 0.00020168877075991444 -0.008511469090254149 nan   
105 10500 1.1140035063570501 1468.9345797160022 -0.009017158306394137 -8.6970796753941069e-03 -0.008395177736302264 -0.008090366724030162 0.00020341226507394547 -0.008508670933188956 nan   
106 10600 1.0427045583821388 1446.1323160603877 -0.009017158306394137 -8.8799948747485240e-03 -0.008427730045673376 -0.007900826211462424 0.00022592170572861836 -0.008522511205468795 nan   
107 10700 0.9722381598897452 1586.9654178262788 -0.009017158306394137 -8.6727376816971066e-03 -0.008388033620174675 -0.008060625718195493 0.00016930643731116052 -0.008488406329261004 nan   
108 10800 0.9711266544287908 1911.2304005951391 -0.009017158306394137 -8.8058604702914729e-03 -0.008429481098241355 -0.007839134912228164 0.00025478374086909325 -0.008561697659446772 nan   
109 10900 0.8741832926355775 2166.2428780853734 -0.009017158306394137 -8.8002867773800206e-03 -0.008406290743732232 -0.008039439761183412 0.00017144398942437605 -0.008499716497995649 nan   
110 11000 1.0918257497454145 2207.82921836686 -0.009017158306394137 -8.8646439285464725e-03 -0.008365916881915812 -0.008019088917213932 0.0001866505302505865 -0.008462991977824495 nan   
111 11100 1.0465387175391607 2419.6948859150543 -0.009017158306394137 -8.8464383603021387e-03 -0.008408138531812137 -0.008018011309821842 0.00018451462332249452 -0.008506822797601434 nan   
112 11200 0.9609521696464182 2253.172926522614 -0.009017158306394137 -8.7290780181029752e-03 -0.008390016002317304 -0.007917644926121459 0.00018830338287982237 -0.008497228727147681 nan   
113 11300 1.1450114799073638 1736.477169049772 -0.009017158306394137 -8.8395716735669150e-03 -0.008399075890226563 -0.008113075656172565 0.0002183712550628495 -0.008516008628068708 nan   
114 11400 1.257406744065212 1710.595144876737 -0.009017158306394137 -8.7880999979193762e-03 -0.008375213943478147 -0.008053284826034944 0.00019244672866646807 -0.008492742995488294 nan   
115 11500 1.2928312570897376 1606.0572805636011 -0.009017158306394137 -8.7560449715150031e-03 -0.008324039847140037 -0.008045351398065509 0.00020801157962014108 -0.008456616645167805 nan   
116 11600 1.3926678897940237 2106.3855567877313 -0.009017158306394137 -8.7627035259761690e-03 -0.008405620520637239 -0.008013728174096249 0.00022032538711558476 -0.008507943092608074 nan   
117 11700 1.4441243155731545 1978.9503706733547 -0.009017158306394137 -8.8921936288332178e-03 -0.008420352538412874 -0.007880452570414899 0.00022026694460444696 -0.008515820671166567 nan   
118 11800 1.484508983350893 2707.6827456390033 -0.009017158306394137 -8.7367985797071092e-03 -0.008402139052413249 -0.007999139333061699 0.0002181629819332214 -0.008522487477504352 nan   
119 11900 1.333485770061457 3011.7951978802253 -0.009017158306394137 -8.8009936425989723e-03 -0.008383795181654536 -0.007999638109934796 0.00019648846556286417 -0.008498362184828002 nan   
120 12000 1.2544925056847531 3988.374953393933 -0.009017158306394137 -8.7266873865759365e-03 -0.008420126119489044 -0.008051312692494112 0.0002163923328733549 -0.008532800218071783 nan   
121 12100 1.1441426331890514 4576.104871179622 -0.009017158306394137 -8.7494539567400491e-03 -0.008400418287093547 -0.008046410538017095 0.00019620313026106825 -0.008487617914629497 nan   
122 12200 1.134510528244127 4687.323147171492 -0.009017158306394137 -8.7455448116142420e-03 -0.008431218125901781 -0.00803485614634642 0.0002083342922663215 -0.008526921038214204 nan   
123 12300 1.0871422027576485 5896.725777635281 -0.009017158306394137 -8.7076081152548754e-03 -0.008376916175630234 -0.008063526964386562 0.00021795789868318122 -0.008490721160479529 nan   
124 12400 1.0750460731664413 6039.252450814714 -0.009017158306394137 -8.7871596274410844e-03 -0.008418591714274396 -0.008023158548873505 0.00021410161721330083 -0.008545832931541259 nan   
125 12500 1.121154450709842 5207.8214377009945 -0.009017158306394137 -8.9629182973937783e-03 -0.008442834494488812 -0.008136697705169359 0.00021424382473608262 -0.00854048067908642 nan   
126 12600 1.2098119962317635 5724.5100852581845 -0.009017158306394137 -9.0035794066688473e-03 -0.008405960092850827 -0.00802559125077112 0.0002224230998943144 -0.008533100215498777 nan   
127 12700 1.3612274002068034 6582.533772305667 -0.009017158306394137 -8.8214727232245466e-03 -0.008415071695678398 -0.008024809611946597 0.00022119863465830739 -0.008503531625293607 nan   
128 12800 1.5367360421311582 7538.291485995861 -0.009017158306394137 -8.8055638792106875e-03 -0.008417530335133127 -0.008015613786240055 0.00022187765875038117 -0.008482093382016399 nan   
129 12900 2.031484916991721 4891.102406529385 -0.009017158306394137 -8.8250576785244214e-03 -0.008382688187999456 -0.008058210710018086 0.0002127652065554101 -0.008492447785108881 nan   
130 13000 2.231989231097083 5836.994242038724 -0.009017158306394137 -8.8297640903369536e-03 -0.008377214550925976 -0.00800549086108741 0.00026235968259821774 -0.008511408401211062 nan   
131 13100 2.352725800673032 4619.025689782581 -0.009017158306394137 -8.6876495960466170e-03 -0.008413315555333808 -0.00807385687970525 0.00022828966673870722 -0.00853191385282544 nan   
132 13200 2.178378448284987 4980.720604826952 -0.009017158306394137 -8.8338186529466119e-03 -0.008427410844625552 -0.008024702857543526 0.0002152909142690458 -0.008515050841566577 nan   
133 13300 2.6068869670373136 6012.2117653045725 -0.009017158306394137 -8.8134867408566006e-03 -0.008414801584419805 -0.00805507251355135 0.0001953482659734617 -0.008507573645412091 nan   
134 13400 2.9758807442853867 5099.737264467807 -0.009017158306394137 -8.6893623890636779e-03 -0.008386110366223012 -0.008058380336690672 0.00017592582546778653 -0.008490050753570387 nan   
135 13500 2.932863099700714 5795.320901476637 -0.009017158306394137 -8.7793252860714124e-03 -0.008377209416214955 -0.008012325629096742 0.00018662611156120348 -0.00847868214442654 nan   
136 13600 2.9456948742485194 5470.037805254773 -0.009017158306394137 -8.8390445281635293e-03 -0.008429958966920338 -0.008063778256969594 0.0002196820119150754 -0.008533068361175893 nan   
137 13700 2.9788771217942163 7544.306386154037 -0.009017158306394137 -8.7524722725622218e-03 -0.008408661728882943 -0.00807950670486676 0.0002165342426600908 -0.008510262028683772 nan   
138 13800 3.603486117200617 7762.877578611502 -0.009017158306394137 -8.8362484851074227e-03 -0.008385669243294236 -0.008076807845483409 0.0002135311924532611 -0.00849388288989069 nan   
139 13900 3.980316437480583 11009.557441625437 -0.009017158306394137 -8.8158524866422498e-03 -0.008406582632360353 -0.008070209452433252 0.0002097654511974724 -0.008513415720950962 nan   
140 14000 4.833599707258134 10413.809373278687 -0.009017158306394137 -8.8426289872305715e-03 -0.008379659738175891 -0.00792882991007907 0.0001693644361244577 -0.008468023824094312 nan   
141 14100 4.268062451870248 10127.508541753898 -0.009017158306394137 -8.7210991898170592e-03 -0.0084033705996899 -0.00809694561739433 0.0001627101404407614 -0.008504871457537106 nan   
142 14200 3.7135961290826103 10603.614737452763 -0.009017158306394137 -8.8730340234568460e-03 -0.008389802476487298 -0.008011952083355053 0.0002091337301181745 -0.008490360327954742 nan   
143 14300 3.243605698021674 10608.071867035265 -0.009017158306394137 -8.7778533742948993e-03 -0.008409723649540502 -0.008051962323100138 0.00020131687058055382 -0.008508305401294098 nan   
144 14400 3.269877063865874 9310.407595447228 -0.009017158306394137 -8.8024149275182199e-03 -0.008413390925818233 -0.007926697250281594 0.0002677038321516195 -0.008564906262895241 nan   
145 14500 2.982260823552486 7338.1198801689525 -0.009017158306394137 -8.7841495123631222e-03 -0.008418125407497923 -0.008041103914445487 0.0001884301633595549 -0.008500624151063806 nan   
146 14600 3.064109816818953 6817.348410942123 -0.009017158306394137 -8.7754063408006910e-03 -0.008382444733018135 -0.008065297995784848 0.00018612498345594794 -0.008466651058928038 nan   
147 14700 3.0990911247675967 6519.385275985434 -0.009017158306394137 -8.8630928992873871e-03 -0.008431739233948923 -0.007988056105512455 0.00024611614924460387 -0.008524714967304552 nan   
148 14800 3.111275149630912 6824.16266882178 -0.009017158306394137 -8.7721590961034376e-03 -0.00838024278276771 -0.007896920979475622 0.00019620638231092682 -0.008483490305306166 nan   
149 14900 3.1133346304011975 7941.320746474501 -0.009017158306394137 -8.7527152069997137e-03 -0.00837756194988924 -0.00800926975692333 0.00018707984056693001 -0.0084642851821244 nan   
150 15000 3.3672584674909793 7224.775797027604 -0.009017158306394137 -8.7520484337691822e-03 -0.008394295754143738 -0.00803904957702659 0.0001885150916723765 -0.00848409775009032 nan   
151 15100 3.1135871297639173 8862.556263020062 -0.009017158306394137 -8.7173172798860870e-03 -0.008396057248866036 -0.007958594080742828 0.00022415332007042973 -0.008504211905693261 nan   
152 15200 3.174799937147223 9836.996826659799 -0.009017158306394137 -8.8780653504190055e-03 -0.008422514947920347 -0.008084021003585367 0.00021832580290271492 -0.008538854835711329 nan   
153 15300 3.154766332359289 12051.953096734649 -0.009017158306394137 -8.8203417178206074e-03 -0.008404961620070282 -0.00795957362918673 0.00021630973898328215 -0.008510956962396423 nan   
154 15400 3.1081201658774087 13304.640170579067 -0.009017158306394137 -8.7246838895947525e-03 -0.008431339412482157 -0.008031387009314588 0.0002287162356100561 -0.008540405521972258 nan   
155 15500 2.8382182878524453 10656.369318642006 -0.009017158306394137 -8.7479892633117572e-03 -0.008403131597086487 -0.007967411109334637 0.0002277401376561683 -0.00851684986504992 nan   
156 15600 2.7499164485988077 13171.566326231265 -0.009017158306394137 -8.7097079353292139e-03 -0.008379646522667171 -0.007975533335674403 0.00021388095318283437 -0.00851296187092494 nan   
157 15700 2.6023572239970774 12533.742579799085 -0.009017158306394137 -8.8915079424766955e-03 -0.008411021897305707 -0.00801743959314002 0.00023457619968331352 -0.008529870415929468 nan   
158 15800 2.843844276713107 14337.162420290915 -0.009017158306394137 -8.7573688752620171e-03 -0.008404351970472073 -0.008094609721935271 0.00018283612615174576 -0.008485623462957136 nan   
159 15900 3.0103099619034928 14249.745178987145 -0.009017158306394137 -8.8957403974472445e-03 -0.008457887906172743 -0.007949876762213296 0.00016532693955984175 -0.008541094434974231 nan   
160 16000 2.8876438121288888 16494.18353320563 -0.009017158306394137 -8.8337146779135772e-03 -0.008399148222484238 -0.007907649547377512 0.00021136128168747735 -0.008513675772425185 nan   
161 16100 2.9916646443459105 17708.592746367292 -0.009017158306394137 -8.7439473178815095e-03 -0.008391066502578795 -0.008014413836688461 0.00017855343107594027 -0.008493115278137241 nan   
162 16200 3.3120899746503856 16403.43464600869 -0.009017158306394137 -8.8546558205718183e-03 -0.008424599529263855 -0.008036135856959453 0.00019468560703257004 -0.008523565962603664 nan   
163 16300 3.0834433664464025 15021.010719277154 -0.009017158306394137 -8.7638832685908823e-03 -0.008437595588884097 -0.00804845075285574 0.00028930727692260544 -0.008569531081406737 nan   
164 16400 2.9137539508146526 19128.259238574577 -0.009017158306394137 -8.8425086700301102e-03 -0.008422411372312928 -0.00802942266289527 0.00021011709880909904 -0.008512296425982026 nan   
165 16500 2.8468701896779973 19458.81679742398 -0.009017158306394137 -8.7509468576717191e-03 -0.008389547838084477 -0.008062356587071556 0.00021586727541654874 -0.008491460939732864 nan   
166 16600 2.6879289226270697 18472.398896900046 -0.009017158306394137 -8.7310771257027107e-03 -0.008404982090737877 -0.008069973261004719 0.0001891561428880046 -0.00849200842317557 nan   
167 16700 2.6643018922092594 22218.518289809683 -0.009017158306394137 -8.8599030884126701e-03 -0.008423150050135747 -0.008073460931488368 0.00023608222976186435 -0.0085345095608511 nan   
168 16800 2.435080737114824 31459.49599145446 -0.009017158306394137 -8.7529560076547060e-03 -0.00842374403696024 -0.008013550669266633 0.00021064489112331865 -0.008506832882795317 nan   
169 16900 2.383390805092459 32640.950867974672 -0.009017158306394137 -8.8228767652679032e-03 -0.008388579779601456 -0.007957107485931524 0.00017619896162937576 -0.008488980027228813 nan   
170 17000 2.5614868826610113 35486.102433020016 -0.009017158306394137 -8.7631137660513520e-03 -0.008433905866905405 -0.007934962944283072 0.00023577368879361404 -0.008517088009567172 nan   
171 17100 2.3871337955327125 41153.315523212565 -0.009017158306394137 -8.8086622163462032e-03 -0.00841163812152444 -0.008068216062565558 0.00021696306914957553 -0.008532166928334868 nan   
172 17200 2.278192515837446 39170.84363603496 -0.009017158306394137 -8.7936847123364758e-03 -0.008434408907584005 -0.008089011614351053 0.00020262966501513255 -0.00850036260853445 nan   
173 17300 2.2754211922890684 42205.81133323646 -0.009017158306394137 -8.7557617792962273e-03 -0.00839155216485331 -0.008068585893836544 0.00020328739652333144 -0.008509775349110644 nan   
174 17400 2.084387622078563 30623.47206769494 -0.009017158306394137 -8.8591653416872761e-03 -0.00834922645327399 -0.008050372270935262 0.00020662851268719341 -0.008472576475434056 nan   
175 17500 2.3147458329159067 32352.146958964357 -0.009017158306394137 -8.7371187638742610e-03 -0.008399199342818553 -0.00789199473164733 0.00023923203630719578 -0.008503817398296046 nan   
176 17600 2.4948397031832092 43406.962456952555 -0.009017158306394137 -8.8743511591450695e-03 -0.008388853462729341 -0.007998116084828623 0.00023934961094147084 -0.008500938753014418 nan   
177 17700 2.5971702702239146 43042.94704289578 -0.009017158306394137 -8.6989752448632246e-03 -0.008413663120061922 -0.008011700643563805 0.00020061705887297956 -0.008495941155873826 nan   
178 17800 2.4024110228795545 54749.537426192765 -0.009017158306394137 -8.7336621818212955e-03 -0.008417171954067944 -0.007990784336065036 0.0001680527392127866 -0.008490443096007915 nan   
179 17900 2.4222840366151432 52450.12291472764 -0.009017158306394137 -8.7930834797808229e-03 -0.00840066439462236 -0.007977820769993732 0.00022736871618336818 -0.008497764437401373 nan   
180 18000 2.31619027828695 85066.40896387612 -0.009017158306394137 -8.6109104912682199e-03 -0.008392143667387662 -0.007993430671394306 0.0001836919178218946 -0.008486355594726833 nan   
181 18100 2.3300359016717587 110659.66328635818 -0.009017158306394137 -8.8063014868325368e-03 -0.008376785284080413 -0.008032000910802457 0.00020868792331762628 -0.008514447448482173 nan   
182 18200 2.747181409524709 170009.34900584316 -0.009017158306394137 -8.7906350187625052e-03 -0.008400760225214526 -0.008102003054133736 0.00021193013670377063 -0.008520148811873341 nan   
183 18300 3.096398112519162 171938.2946774338 -0.009017158306394137 -8.8286506445017909e-03 -0.008429048503904411 -0.008034403672497036 0.00019682348903673694 -0.008518985598755559 nan   
184 18400 3.292287415841749 201178.10919604282 -0.009017158306394137 -8.8043610722345657e-03 -0.008389908090775612 -0.007912924110052028 0.00018004598269459778 -0.008494389051594347 nan   
185 18500 3.663246302599868 248275.57810174665 -0.009017158306394137 -8.9581031697076440e-03 -0.008435578546029446 -0.00804145919522793 0.0002201567999737756 -0.008520136211093637 nan   
186 18600 3.753464775854347 417345.8387481859 -0.009017158306394137 -8.8907812476509349e-03 -0.008357932938188593 -0.00795912710741435 0.00022140365966406839 -0.008465106577923626 nan   
187 18700 3.639846899598628 419013.21822855284 -0.009017158306394137 -8.8510906977343814e-03 -0.008366139424995976 -0.008011697603459645 0.0002053239707147693 -0.00847321064618253 nan   
188 18800 3.790751137933086 526384.869575199 -0.009017158306394137 -8.8269752104373073e-03 -0.008385720066467962 -0.008053689525148245 0.00021267777119923434 -0.008503603099379552 nan   
189 18900 4.272674073825218 628078.9557137836 -0.009017158306394137 -8.8321401633028578e-03 -0.0083941097734388 -0.007816357455982116 0.00020870838346496653 -0.008499322822568448 nan   
190 19000 4.33692962988237 518094.1972269484 -0.009017158306394137 -8.7936268740110637e-03 -0.008375018625111814 -0.007940906753896415 0.00022717208652473647 -0.008511859099773207 nan   
191 19100 4.05726237121445 552444.2548253385 -0.009017158306394137 -8.7044830056341796e-03 -0.008422287759045058 -0.007962184345247151 0.00021137165327219862 -0.008526231213317342 nan   
192 19200 4.669697091817655 611225.8079325918 -0.009017158306394137 -8.7691574754779327e-03 -0.008415452865387153 -0.00801712583901722 0.00016650090100522007 -0.008495007291859613 nan   
193 19300 4.785801507472602 481322.278145869 -0.009017158306394137 -8.9293772172853187e-03 -0.008381378235909662 -0.008018425245380132 0.00021020313115800715 -0.008518288539873627 nan   
194 19400 4.31098551598605 665356.6570274534 -0.009017158306394137 -8.8826293506182232e-03 -0.008430969150879335 -0.008046843176777079 0.0002250180739594293 -0.008531283215297721 nan   
195 19500 4.171087713531761 504144.77435618883 -0.009017158306394137 -8.7354593075096559e-03 -0.00841095484403613 -0.007967578265422444 0.00019818636941991603 -0.008497699127660453 nan   
196 19600 3.8297129692996856 533822.3695953263 -0.009017158306394137 -8.8094698156850840e-03 -0.008425493806776667 -0.007931347749365613 0.0002461340608811702 -0.008551681744150517 nan   
197 19700 3.8536909257372067 481343.9193816877 -0.009017158306394137 -8.7520027773112120e-03 -0.008415466816249812 -0.008016934892970385 0.0002481412533973347 -0.008544315699387711 nan   
198 19800 4.2615013724386 310671.93211506336 -0.009017158306394137 -8.6876347415799828e-03 -0.008402062334706497 -0.008065476201980512 0.0002348281759295863 -0.008532280500623338 nan   
199 19900 4.381603817993577 346144.69343857665 -0.009017158306394137 -8.7887907449593038e-03 -0.008425781983806257 -0.008040999320488141 0.00019584744909777185 -0.008535098682692546 nan   
200 20000 4.422873041600611 386053.3558929277 -0.009017158306394137 -8.7864662831164918e-03 -0.008397526088453436 -0.008089125045583694 0.00020950437044483725 -0.008487823541224765 nan   
201 20100 4.037356521099374 463561.8080192131 -0.009017158306394137 -8.8260599433314310e-03 -0.0083948357192217 -0.00805980763670979 0.00018249147524756343 -0.008482325640629191 nan   
