% # columns="iteration, evaluation, sigma, max axis length,  min axis length, all principal axes lengths  (sorted square roots of eigenvalues of C)", seed=42, Tue Oct  7 17:01:39 2025
1 100 1.14230810172284 1.0000450010125153 1.0 1.0 1.0000050000125 1.00001000005 1.0000150001125006 1.0000200002000015 1.0000250003125026 1.0000300004500045 1.0000350006125072 1.0000400008000108 1.0000450010125153
2 200 1.3556450272201985 1.1974341466350882 0.861601083152993 0.861601083152993 0.8755253451790197 0.9035820504144796 0.9364160303097299 0.9436152259552105 0.9516690340142887 0.9996572934524828 1.0263402507545623 1.0903216268726295 1.1974341466350882
3 300 1.4244095816710094 1.2229734638803926 0.8045847669685432 0.8045847669685432 0.8474087843455596 0.8704336526651653 0.9042830971876274 0.9247233330884442 0.9460951701500545 0.9828870633946235 1.0519225407371389 1.0961117592031908 1.2229734638803926
4 400 1.6197441487503363 1.289857094187213 0.7747210856741679 0.7747210856741679 0.8083527812771112 0.8196292277583085 0.8632800973203868 0.9258414660114408 0.9515502838245073 1.0121537667086855 1.0227412475094002 1.0900841223263995 1.289857094187213
5 500 1.5337660698276863 1.338304318872403 0.7151856784986126 0.7151856784986126 0.774717196452967 0.8307669220034077 0.8666362774145684 0.89234586263028 0.9459255418721831 1.0372801647370258 1.1273882974450502 1.1647614716206447 1.338304318872403
6 600 1.6231092852457387 1.3821238706089072 0.6604323660263968 0.6604323660263968 0.7312342993446201 0.7943544061453978 0.8142076734744113 0.8422243406869264 0.963664152194486 1.0745993158709235 1.136692186036201 1.1897580172597257 1.3821238706089072
7 700 1.7038131769282479 1.3171657303256665 0.6215473773819071 0.6215473773819071 0.7019536657663741 0.765712150833331 0.8299990991971814 0.8714897893162669 0.9927475241766335 1.0796023309469545 1.1336437311364933 1.2224853103183657 1.3171657303256665
8 800 1.811531066338327 1.322938940873608 0.5817037027184405 0.5817037027184405 0.6663681096441942 0.7596372513788519 0.8127737767080863 0.8715692588970616 1.0048530929557393 1.055184645227113 1.247951012215553 1.2693719536470796 1.322938940873608
9 900 1.8481448038306139 1.374612318205003 0.5491044230359917 0.5491044230359917 0.6658919607913178 0.7177387482439186 0.7906412971293683 0.911190427787048 1.0450889136122121 1.0627432081858048 1.2230285010129447 1.2780682319746515 1.374612318205003
10 1000 1.856405321794659 1.4182843116903783 0.5473925727561679 0.5473925727561679 0.6501399220941334 0.7171562257011036 0.7778872621803056 0.9629900884906459 0.9861440831180048 1.1261963240584523 1.2627746806268463 1.3233684291484478 1.4182843116903783
11 1100 1.9721659158222478 1.478656383639466 0.4999610160600087 0.4999610160600087 0.6086633265104345 0.7068023043719269 0.7991002146209 0.8877915764564452 0.9535828478927374 1.1023687091847518 1.2438309167736756 1.3436005969178073 1.478656383639466
12 1200 2.020692314997262 1.5647696732101437 0.49824390988576495 0.49824390988576495 0.5957006171064264 0.6536503019016489 0.8035798208086463 0.8670695915759468 0.97064143794401 1.1458427238102364 1.2157535519879163 1.3157928981152889 1.5647696732101437
13 1300 1.9574051363255764 1.7063378524350428 0.4701655831439316 0.4701655831439316 0.5977424388641421 0.677765214040873 0.8043380791613731 0.8579785008368166 0.9490403108801758 1.0549827453326486 1.303220083097876 1.4091954951560302 1.7063378524350428
14 1400 1.7903985901248707 1.6868370596926023 0.44264098147268155 0.44264098147268155 0.5758721632818469 0.6314843020482835 0.8121234928255597 0.8602928764664254 0.9500835232729835 1.0597478817795039 1.182145307124048 1.570670443140783 1.6868370596926023
15 1500 1.7182006686337536 1.7118762220994583 0.42768611355886393 0.42768611355886393 0.5549157090615672 0.7083001335686645 0.7848429072154892 0.8385331662268193 0.9210013096219622 1.0557711679035975 1.1713851452351374 1.6575473529190143 1.7118762220994583
16 1600 1.8185212901288499 1.7386532648940167 0.41879303947516866 0.41879303947516866 0.5561410307889171 0.6819515400838364 0.7440575309172186 0.8302252703620717 1.008900365794806 1.0670464314373493 1.1793456740350967 1.6192358202013974 1.7386532648940167
17 1700 1.7860990545127242 1.8614526091504875 0.42436429141679033 0.42436429141679033 0.5211129776956774 0.6543909629903943 0.7710269537618376 0.8072711507341275 0.98191072244666 1.031023674489662 1.231188087335576 1.7269235551850257 1.8614526091504875
18 1800 1.8622831817589356 1.9522640380876035 0.41229874406486433 0.41229874406486433 0.497100492617019 0.6424670874002646 0.7398201944320515 0.8193150689266244 0.975629909164786 1.0297636682351228 1.245750533242739 1.6855861772734537 1.9522640380876035
19 1900 1.7689410158234078 1.929075907213444 0.4007228568027007 0.4007228568027007 0.4696116515390468 0.6350608310856922 0.7290975505070498 0.8261991480243304 0.9409348582716671 1.0021261753480504 1.2238698656650988 1.751484719249062 1.929075907213444
20 2000 1.7941631619279397 1.8937927015167015 0.382957601709539 0.382957601709539 0.4790324523548314 0.6631145684923033 0.7014916486617349 0.7900771795438521 0.9274859143074875 1.0101067646125335 1.1548313377296364 1.7580036035715867 1.8937927015167015
21 2100 1.9950860463389701 2.0287908908839882 0.34351605273769464 0.34351605273769464 0.4879895178541269 0.6452840482310012 0.662540686131377 0.7750795057854916 0.8771134450795519 0.9802916929759081 1.1993646046422393 1.838109034990236 2.0287908908839882
22 2200 1.99305966014083 2.128361262801453 0.3265289682641405 0.3265289682641405 0.46110347242570027 0.5931665994057689 0.6974244292909888 0.8003365737364144 0.8474575096850596 0.9498505687569864 1.175399451993084 1.7811898299974764 2.128361262801453
23 2300 2.055465322719342 2.2160332667426648 0.2974965484685805 0.2974965484685805 0.43159895647259683 0.5641825296020362 0.6750574789906673 0.8149045971694872 0.8252633530291458 0.8912961804386991 1.0577415860493709 1.7147030453066114 2.2160332667426648
24 2400 1.9979803100238145 2.114753064783194 0.27383875369224225 0.27383875369224225 0.4359341260021588 0.5790323883935958 0.6307382310828225 0.8112035802181012 0.8507767613072605 0.8686354154481364 1.08144803232012 1.6757662047833963 2.114753064783194
25 2500 2.0100032696498586 2.053402675341765 0.2558606729995096 0.2558606729995096 0.44016395626572097 0.5393980559438581 0.6278698959051825 0.7854971996503587 0.804850966079963 0.8878747549712737 1.0681689409536774 1.5838221756450777 2.053402675341765
26 2600 2.112200049125294 2.0153149298860247 0.24517302613010886 0.24517302613010886 0.4228261943767613 0.5412395894306906 0.6061280924814949 0.7305301812889295 0.7938712786487265 0.8850835700940067 1.0902442334719251 1.4743888936255323 2.0153149298860247
27 2700 2.0651376510956045 1.9136825459988975 0.2345411549397148 0.2345411549397148 0.4015669578754602 0.5147724204548364 0.5974481750166991 0.6928926115178895 0.7804038514674557 0.9165457684777696 1.2526117249828153 1.405787451920839 1.9136825459988975
28 2800 1.997337150947997 2.0062041850239165 0.21714055269223392 0.21714055269223392 0.39098598824005915 0.5238283606444282 0.5914248305021175 0.6638111705660665 0.7816865103750041 0.9079386120791684 1.2204220701780237 1.3756905384124143 2.0062041850239165
29 2900 2.3553205291914634 2.0216701031341686 0.2088860774107773 0.2088860774107773 0.37635214672690037 0.4850576459141877 0.570793661418981 0.6305454846837999 0.77534361731485 0.8962602666121043 1.2382154025118672 1.4422246954662084 2.0216701031341686
30 3000 2.2108552555179783 1.876394542854906 0.20380166599657604 0.20380166599657604 0.3606277035461262 0.4988785703584778 0.5614585739885279 0.6174768698164371 0.8216005097135025 0.8945620113051135 1.2306276363836866 1.3902295262364508 1.876394542854906
31 3100 2.323443105473297 1.8876229822186477 0.1928359224493276 0.1928359224493276 0.35148661808999554 0.4754363846058827 0.5311570426432545 0.644611964132587 0.8280924500023957 0.928590334476231 1.1713850049401724 1.2842191630461068 1.8876229822186477
32 3200 2.5369659651684957 1.7162849203609738 0.1751024515021934 0.1751024515021934 0.34174864346495365 0.471346236621807 0.5108407210973535 0.6267407658156213 0.7850403056326657 1.0826095256506283 1.2370277139095371 1.2997714521921573 1.7162849203609738
33 3300 2.432651509214565 1.664093598634483 0.16597342338938226 0.16597342338938226 0.3487556572247611 0.4448793827169157 0.5231495473476809 0.6192935758441229 0.7669554805085461 1.0691210050520212 1.1838127396270417 1.3383049365966528 1.664093598634483
34 3400 2.4983740092955355 1.6343976452550122 0.15134209681533706 0.15134209681533706 0.3469708720252037 0.426965182523319 0.5195319362378555 0.5739096634373426 0.7524247198157766 1.062194277720833 1.2840580844484217 1.340475788248494 1.6343976452550122
35 3500 2.6847780639191834 1.732264958011989 0.13783280973819068 0.13783280973819068 0.33548395149000715 0.4114688705300817 0.5198370643718511 0.5461517458855154 0.7195129562567004 1.0587289467366081 1.2692698698270433 1.3401212324678133 1.732264958011989
36 3600 2.855255579467719 1.6525237772447865 0.1234518957760078 0.1234518957760078 0.3054648830193551 0.42774279386116093 0.5205005350925702 0.5592701345366852 0.6805231311913341 1.0270650013993485 1.2120816235538272 1.413140182026366 1.6525237772447865
37 3700 3.177526749881466 1.6475268789552402 0.107524961064462 0.107524961064462 0.27716018475601567 0.40040702855728105 0.5217439472162135 0.5951971172778875 0.703618480964234 0.9586283064000742 1.1717359152710478 1.5085987154117637 1.6475268789552402
38 3800 3.551097998436615 1.7027293170090627 0.0954646885537023 0.0954646885537023 0.2331811929123255 0.37087682606221206 0.5483774183359629 0.617822161719083 0.6762641747932887 0.9688067821089885 1.1111293386468388 1.4893045438754684 1.7027293170090627
39 3900 4.028529143342286 1.9386007371769693 0.08312052294136697 0.08312052294136697 0.20638827254970382 0.39395224485245917 0.5387422372797123 0.5776145640735367 0.6548029648311313 0.8945924738841016 1.07710354326302 1.4119203579891677 1.9386007371769693
40 4000 4.608796318685347 2.156035921097811 0.07277517423731983 0.07277517423731983 0.1880073352102791 0.3817239791085447 0.5141489539029666 0.5493628327080872 0.676028266092877 0.9172762113044356 1.0750196690198743 1.4202483357265763 2.156035921097811
41 4100 4.889192421031078 2.3255292904306044 0.06378667002367071 0.06378667002367071 0.17009682077181906 0.3556554052461751 0.5091389336532377 0.5246065086307694 0.6458333737004924 0.9119463906526699 1.1235867024166746 1.4034616496690955 2.3255292904306044
42 4200 4.428014712109594 2.374393862716082 0.055354158277507906 0.055354158277507906 0.1533084305514925 0.33538262875478597 0.4958183351598029 0.5503536830626401 0.6180158900923106 0.8567938426099316 1.1073317370904598 1.4046453820583662 2.374393862716082
43 4300 4.542662439589839 2.3126659183842078 0.04883901623517608 0.04883901623517608 0.14055160133338268 0.33133460818771815 0.4722603745611801 0.5027026005228814 0.6212507661127648 0.8385343032445557 1.0687265707090725 1.3893170686423193 2.3126659183842078
44 4400 4.652618625128392 2.383543808765695 0.04136653246550224 0.04136653246550224 0.1303553221164554 0.3346089685225889 0.44490929775675403 0.5303963969344659 0.6169372868910199 0.7981639077326421 1.065589411879865 1.3513789067372841 2.383543808765695
45 4500 4.422583013791422 2.3559335388225673 0.03455761508419937 0.03455761508419937 0.12197770603465036 0.304322175881304 0.4391682950381999 0.4972459500825931 0.6786154325249865 0.7573401844637452 1.0672635982469436 1.326002587618257 2.3559335388225673
46 4600 4.384512159070566 2.3803737794021274 0.028913400487934702 0.028913400487934702 0.11163231797350279 0.29707812639933506 0.41233914455068715 0.4862803721303544 0.6739032664538595 0.7309481981202433 1.0383239809124203 1.3129302048808862 2.3803737794021274
47 4700 4.186919566910362 2.208311522413269 0.02511809923676496 0.02511809923676496 0.10351594714488868 0.2730201977770396 0.41899098221412545 0.4973912526126243 0.6499949078317865 0.6872287446187231 1.036264958169017 1.366445174141456 2.208311522413269
48 4800 4.434042522140961 2.2529319652879667 0.02122551128033212 0.02122551128033212 0.0933643225994565 0.2607933967623805 0.39856275435891114 0.4730744361534796 0.5945402757962617 0.6911890535446144 1.0034734871195372 1.407127551454098 2.2529319652879667
49 4900 4.073284352350541 2.258377783753586 0.018889676082364318 0.018889676082364318 0.08609387176404579 0.24838834648014158 0.3846577035685089 0.473251725361204 0.5615222008589681 0.6923475490450325 1.0533568059956544 1.4350955329879853 2.258377783753586
50 5000 4.218361176445383 2.1280644093693493 0.017194636449009187 0.017194636449009187 0.07791374878035476 0.23712109404271994 0.37523247007128546 0.49174672023588034 0.5771909388549821 0.7055018466042433 1.1247301844679263 1.4892946283852018 2.1280644093693493
51 5100 3.8107223770096197 2.080889088249082 0.015110718555156886 0.015110718555156886 0.07048681908958017 0.21280830848999222 0.36038172466202417 0.4913602522095287 0.5624120832009878 0.7092487556289867 1.1716983509817147 1.443171189458181 2.080889088249082
52 5200 3.9709361216204107 2.0557217885462857 0.013376601689964079 0.013376601689964079 0.06285218395326572 0.19349626781880483 0.346632671664021 0.46829778520980386 0.5331621824582179 0.7070796875647452 1.1231702884471904 1.4518709284528768 2.0557217885462857
53 5300 4.182767427115634 1.9518976274441693 0.012693335416563398 0.012693335416563398 0.0580196246796786 0.18040129662182522 0.3387864513740761 0.46968555970116027 0.5132216521982654 0.7053164272659102 1.1279766413847008 1.4065704603836986 1.9518976274441693
54 5400 3.835310090153021 1.917548279703418 0.0119467405632331 0.0119467405632331 0.052325542274350545 0.1580077247243795 0.3482468508123343 0.4497018451876917 0.5078864333206464 0.6999142132691997 1.094995312142441 1.4244971365989887 1.917548279703418
55 5500 3.586234243081692 1.90492157894005 0.010800933339045757 0.010800933339045757 0.04612413780633335 0.15075625990977892 0.3289785953394805 0.4160861176007475 0.49187386653355464 0.6915167626594032 1.0760021647971711 1.390000812379582 1.90492157894005
56 5600 3.8901497590436094 1.852570438838483 0.009591499562212082 0.009591499562212082 0.041302528334281635 0.13587418564475962 0.31759632077920213 0.4322221129877776 0.49957672877346926 0.7207808684781508 1.0504559993761011 1.3598973465030935 1.852570438838483
57 5700 3.9828723402098065 1.8413867934677877 0.008765716868561488 0.008765716868561488 0.03531962110982328 0.11797051496407049 0.3272217711641686 0.43753267584045186 0.49511763858792407 0.7113203959124907 1.0456747237276522 1.3930827357774875 1.8413867934677877
58 5800 3.9397940746610707 1.827404268194925 0.007958147488601203 0.007958147488601203 0.03126093817204659 0.1170325406956998 0.3231843437603236 0.43296031579781025 0.4819848602600761 0.7050509596537917 1.0707609352724268 1.32207766997763 1.827404268194925
59 5900 4.260930268449015 1.795295647569452 0.007086734610493875 0.007086734610493875 0.02675951127492944 0.10493491205477821 0.3213061399121541 0.47466381357807547 0.48977828621658065 0.6780597403589826 1.136159033028369 1.2933037300567916 1.795295647569452
60 6000 4.4607375248737435 1.8217506739072389 0.006227537644336908 0.006227537644336908 0.02279757464883509 0.09489935548778096 0.34285059791771955 0.4616085420525911 0.4773872520879009 0.7067290182439848 1.0944994042173917 1.3151870199338855 1.8217506739072389
61 6100 4.831959914926587 1.7235862419432495 0.005522041388924492 0.005522041388924492 0.01974589800384386 0.08773808101486669 0.34395425681534797 0.44897214598332774 0.4887482590423463 0.709789976959821 1.2318118787514698 1.316468679455032 1.7235862419432495
62 6200 5.105184763182906 1.6665111004126731 0.005151531837551065 0.005151531837551065 0.01690033971324978 0.0811392940087538 0.3365125116497268 0.45921178131756524 0.4924454984131353 0.7078491188617462 1.1873127737213915 1.3033055605302 1.6665111004126731
63 6300 5.079804417674664 1.7487529793644858 0.004589059213019154 0.004589059213019154 0.014462415465233077 0.07202936277733256 0.3446178682732515 0.45296670621154206 0.48372115547004113 0.7503169856055507 1.0685843005181408 1.2656444859971234 1.7487529793644858
64 6400 5.287680370385958 1.760578189888202 0.003948968992864302 0.003948968992864302 0.012549674934670511 0.06514977311685445 0.3485234472581472 0.46052890849034483 0.46243927417730696 0.7383027382827474 1.0093996443428466 1.2299807010776194 1.760578189888202
65 6500 6.238865588272756 1.826112729134059 0.003482663955379333 0.003482663955379333 0.011037036216758517 0.062293863188803 0.3301816152897099 0.4296890173466264 0.4680956130628723 0.752957670256459 1.01363376456999 1.2488559827232446 1.826112729134059
66 6600 6.985757263318762 1.9888782540946222 0.0031325221117925843 0.0031325221117925843 0.009755462842746672 0.05592655532989671 0.3184674076324632 0.41231429455316215 0.47454641729324887 0.7565420318935756 1.0033156806885108 1.181504231631517 1.9888782540946222
67 6700 7.547434647047084 1.973213977577986 0.002765997218022152 0.002765997218022152 0.008727885875420126 0.05238144737379582 0.301458600219632 0.39549441733456386 0.4658267941265384 0.806604433503719 0.9168874438464638 1.2397071521042335 1.973213977577986
68 6800 7.912340534326195 1.9718198334968886 0.0024475636184232057 0.0024475636184232057 0.007611449869580397 0.04706271714041784 0.2975688422219064 0.4187479871262658 0.43588238184483047 0.7609498665194843 0.9047469904073138 1.3047195442811526 1.9718198334968886
69 6900 8.14754008961336 1.9018552899342038 0.0021816505357758354 0.0021816505357758354 0.006887167311289518 0.04108249075734077 0.2739693734804997 0.4017287125285836 0.4188647158819205 0.7595106908682888 0.9450738540810041 1.383868326468132 1.9018552899342038
70 7000 8.56142344254921 1.8011157374756273 0.0019400448195798859 0.0019400448195798859 0.005927240760531001 0.03662572676637031 0.25749285057802374 0.39868684013129846 0.41026962814851975 0.7411311301514248 0.8422689072080313 1.3955743301029133 1.8011157374756273
71 7100 8.349877127057733 1.8635891334743933 0.001776265339528472 0.001776265339528472 0.00512649450168554 0.03273726193812497 0.2629873316705494 0.4102126819377173 0.4335867523484051 0.7289137945889094 0.7615736673995054 1.3728387768333352 1.8635891334743933
72 7200 7.977191746706688 1.7933866371372567 0.0016038695912645065 0.0016038695912645065 0.004813513192017883 0.029654416889689665 0.2549334707645573 0.4063607339605847 0.44965390971930463 0.701906867145163 0.7729646451345281 1.318672693535895 1.7933866371372567
73 7300 7.148255026825088 1.757260871389668 0.0014488421106773218 0.0014488421106773218 0.004401983993071223 0.025640217739926037 0.25799408028607484 0.3956627297142157 0.4312648679688186 0.7066386842560043 0.7435689261601774 1.3241975839769622 1.757260871389668
74 7400 7.1099765144742895 1.7049895696413648 0.0012763602811385495 0.0012763602811385495 0.003936417046068373 0.02404276229869868 0.26266202009275047 0.40856397490958174 0.4308019328345687 0.6821179540865014 0.7510533263446151 1.2759568572260556 1.7049895696413648
75 7500 7.132152795011894 1.5419706310698709 0.001242296025127505 0.001242296025127505 0.003670136517296326 0.02291909599150817 0.24948838562252482 0.39535807831996944 0.4118281903137578 0.63919580686107 0.7523412588973606 1.207672545334199 1.5419706310698709
76 7600 7.466674964842062 1.5093704423704284 0.0011984673782862115 0.0011984673782862115 0.003345879245131853 0.02019878552537122 0.2616467443840329 0.36837950377184836 0.45167376726775493 0.6176566483460353 0.7292183763786804 1.224162579622078 1.5093704423704284
77 7700 8.112845330923111 1.485084581549155 0.0010785670930912375 0.0010785670930912375 0.00323604916701682 0.018403772976529408 0.23875565632185097 0.37097107460860496 0.4557814438531804 0.6451736632069028 0.7081994004233275 1.1467368499967214 1.485084581549155
78 7800 8.125306636120992 1.5004075972695041 0.0010020106521493974 0.0010020106521493974 0.003031714446636633 0.018550350350165973 0.23362495198416738 0.3873624445996445 0.4460674754842759 0.6349384481212004 0.7210312700394667 1.1569242807347964 1.5004075972695041
79 7900 7.696580963560769 1.4280531124818552 0.0009763989212714969 0.0009763989212714969 0.0028738372831982537 0.017637883127476765 0.2290935226082339 0.3775651334901847 0.4520968723907941 0.6219431019557707 0.7051833629349918 1.158697550305621 1.4280531124818552
80 8000 8.44888501688104 1.4274290917694172 0.0009182529320147864 0.0009182529320147864 0.0027108614233420625 0.01632898179660392 0.22293255406094348 0.3548451563278803 0.46144476192787115 0.5903664881003642 0.6872331441011308 1.1635350083634595 1.4274290917694172
81 8100 9.522237112460417 1.4901754462123984 0.000898333128797119 0.000898333128797119 0.0026708188297354957 0.016141622863301366 0.2174017134052811 0.33836597139796337 0.4462931424139023 0.5563969920302151 0.6530004555312567 1.322532792592184 1.4901754462123984
82 8200 8.977423288994956 1.5296074053574162 0.0008201174634544911 0.0008201174634544911 0.0024424349391836504 0.01599340578770654 0.2074851713301402 0.32011026271646176 0.46452824516001157 0.5669303915497934 0.655184113535716 1.291460417258868 1.5296074053574162
83 8300 8.120684742742585 1.564595941603896 0.0007373873319456947 0.0007373873319456947 0.0023493133769502093 0.014498085685857766 0.2055187394483207 0.319634822967645 0.45946863725245424 0.547330142598774 0.6729064769742445 1.325315501693477 1.564595941603896
84 8400 7.6917278718311906 1.5036903908595263 0.0006822916730358908 0.0006822916730358908 0.0021829621627080893 0.014146430879088375 0.19330272975663246 0.3277452514461906 0.4432859202914072 0.4937103166152428 0.6354788997869641 1.2845633800862477 1.5036903908595263
85 8500 7.714853886106572 1.522516822486848 0.0006575923651901079 0.0006575923651901079 0.002065416885623501 0.013345571642859788 0.18086914781618987 0.3347216506118007 0.42523097099944274 0.514729592541653 0.6183444144481698 1.225112909141263 1.522516822486848
86 8600 6.898711755216838 1.570595292283357 0.0006431810366308428 0.0006431810366308428 0.0019780071286349082 0.012669321207646266 0.18016399721505647 0.32721507140859746 0.43519014634177833 0.5036506670970317 0.6135885638786016 1.1712730619257852 1.570595292283357
87 8700 6.594830738320863 1.4521973657050815 0.0006341439004479442 0.0006341439004479442 0.001817895673753252 0.012335476093452521 0.18077781899515477 0.3368642597698459 0.4089677603259025 0.4851898292941935 0.5759465776942524 1.0745952390127915 1.4521973657050815
88 8800 6.680604185839895 1.5490787769508136 0.0006195435283061125 0.0006195435283061125 0.001729025954903974 0.01148606498746526 0.1827467891880576 0.3256971568297105 0.37084379181007404 0.478319353743466 0.5926893844047254 1.079199338641423 1.5490787769508136
89 8900 6.575423843603574 1.6722931648750365 0.0006126974189914578 0.0006126974189914578 0.001699757756135535 0.011036351287259761 0.17951178853118294 0.29259311235841645 0.4179694054092991 0.4683866777433715 0.5786406302444697 1.0593913604472587 1.6722931648750365
90 9000 6.335612250951271 1.5718632394660585 0.0005942403078788226 0.0005942403078788226 0.00164275844890513 0.011525277911027813 0.16655013303563268 0.2893048495096954 0.42480569590873546 0.4728637815690792 0.5834815830980552 1.0596435607626689 1.5718632394660585
91 9100 6.675290484505776 1.489278078536533 0.0005858577795472068 0.0005858577795472068 0.0015933393450612596 0.010939992373033083 0.1677279882127005 0.2707288041707606 0.4405600776719969 0.5029647203240801 0.6020761868324702 1.0496901652412773 1.489278078536533
92 9200 6.750553782739136 1.5008324057112734 0.0005600979666299576 0.0005600979666299576 0.0015883428134869017 0.011203486885704871 0.16641466838310795 0.2702307154497534 0.4301720909177716 0.4868997740754777 0.5734766091118281 1.034998593612401 1.5008324057112734
93 9300 6.8960033422865195 1.4502604162513157 0.0005332386132995558 0.0005332386132995558 0.0016145527724193412 0.010673145481809697 0.15772438928683413 0.2768787815371795 0.42541821014402204 0.48883254685653654 0.5680775586427536 0.9896266422727793 1.4502604162513157
94 9400 6.457502686158916 1.4838972716247243 0.0005057627826345056 0.0005057627826345056 0.0015720178687313139 0.01072555701640478 0.14451653864711858 0.25969834619756366 0.40177089403340316 0.47661601560986944 0.5492921176461047 1.0192118730317843 1.4838972716247243
95 9500 6.047274160252305 1.4278163755444222 0.00047178170112759863 0.00047178170112759863 0.0015040426682250028 0.010242796439096273 0.13787905868845912 0.2547787331608331 0.3875013681603671 0.48861497424525446 0.5535049343631111 0.9748939767776024 1.4278163755444222
96 9600 5.915040628794383 1.4229871877610567 0.0004604096746295922 0.0004604096746295922 0.0014312902954051342 0.010194591929789894 0.13684366954792482 0.24918336884330167 0.36243019633443935 0.4717811981350808 0.5388367040840993 0.920228254606342 1.4229871877610567
97 9700 6.697086211189873 1.4045459761610104 0.0004467956226442206 0.0004467956226442206 0.0014257086747108943 0.009120726719549188 0.13401282618969135 0.25794938149168806 0.3659029940009613 0.47381134195976043 0.5409326369922438 0.9065135907899552 1.4045459761610104
98 9800 6.155510509899544 1.4386717086723027 0.0004444340246112415 0.0004444340246112415 0.0014793601650709795 0.008904281061695598 0.12915686792882095 0.25494830794545553 0.3586662592661672 0.4634373353926242 0.5809268201306261 0.8866642246201698 1.4386717086723027
99 9900 5.836459620845605 1.372760076535916 0.0004264974321031078 0.0004264974321031078 0.001419641672678467 0.008963437142759734 0.1212592388406803 0.24967353353786995 0.35457131974144834 0.46641481856292544 0.5700008536295369 0.8496417961774275 1.372760076535916
100 10000 5.3676067382712 1.3889755023488501 0.0004060216309210759 0.0004060216309210759 0.00139949317174051 0.008764950297480777 0.11364017142670405 0.24615331354985945 0.3321308529548027 0.44671588908002763 0.5548115437443079 0.824231190791749 1.3889755023488501
101 10100 5.269909071082821 1.4202968474087263 0.00039637915479120913 0.00039637915479120913 0.0013525969930369844 0.008295124868494578 0.11063234430916313 0.24407309422449386 0.30958239791767 0.4488439697444361 0.5480239887300051 0.8617319946636928 1.4202968474087263
102 10200 5.586814697967815 1.433422483028284 0.0003880405431969265 0.0003880405431969265 0.0013643006953020032 0.00810986943466195 0.11174651198467242 0.23197604655167578 0.29983181318892504 0.4505637158842767 0.5545376264771924 0.8790956472763287 1.433422483028284
103 10300 5.930152375847553 1.328147639994285 0.00036689180769774175 0.00036689180769774175 0.0013676884343675512 0.00787137328122765 0.11249686003695494 0.2397604435094184 0.322555669366823 0.4561995945215466 0.537883247679462 0.8944991131097676 1.328147639994285
104 10400 5.411357378548816 1.2556914135713624 0.0003615990529610988 0.0003615990529610988 0.00134848399225381 0.0073230238630755005 0.11077431400843761 0.24289737820580332 0.3254891548122689 0.43975202097728266 0.5340503126060558 0.9673665693465686 1.2556914135713624
105 10500 4.987050240349002 1.1922750207177397 0.0003707026668062233 0.0003707026668062233 0.0012906367224695416 0.006954864230210667 0.10890649631419634 0.23476527574957184 0.33056521111757525 0.43421267449347145 0.5127917810483845 0.9742243926273226 1.1922750207177397
106 10600 5.278050720646984 1.1338036884619134 0.0003685646429041054 0.0003685646429041054 0.0012259473968083351 0.006535746979001302 0.10512146232915807 0.2249103975537663 0.3187654986245158 0.4379479287485502 0.4816666343896595 0.9967889967228627 1.1338036884619134
107 10700 4.909984187189338 1.11287289980596 0.00034735073513394033 0.00034735073513394033 0.001246361376244292 0.006256655219134392 0.1061530823010115 0.21008257166500657 0.3281243537879281 0.4166172778498294 0.45586851975607284 1.0375088780191264 1.11287289980596
108 10800 4.3890514248757935 1.08517017169044 0.0003528006676278639 0.0003528006676278639 0.0012098831982675312 0.006274222042933054 0.10020881951099413 0.20438764905801668 0.3112043695337857 0.38273657364985586 0.4409538290157653 0.9979114099073427 1.08517017169044
109 10900 4.293681072227566 1.0880272091675578 0.00037395132119389746 0.00037395132119389746 0.0011988583793591365 0.006097426008897334 0.09791009354134327 0.19852833151976787 0.3251635058089678 0.40899800178107787 0.44407656393770367 0.9598619963538726 1.0880272091675578
110 11000 4.259976139833088 1.1119217408403803 0.0003647399144870541 0.0003647399144870541 0.001119514991560197 0.006060945287864204 0.09020357797486543 0.19949565199403538 0.3220498731694752 0.40444500901097463 0.43473344967010685 0.9550397290644365 1.1119217408403803
111 11100 3.976554383932092 1.0899252592703899 0.0003355230324759699 0.0003355230324759699 0.0010740629432695497 0.005950502450935136 0.09372421440239652 0.18832572386128762 0.31078030253405325 0.40265672879375497 0.46632178371647526 0.9269342766158553 1.0899252592703899
112 11200 3.9580426746729542 1.0732494719428982 0.000325178694036712 0.000325178694036712 0.0010930475172726242 0.005798334697198385 0.08938922185657948 0.17991932122257143 0.2882920004726259 0.3960638819533749 0.4617153947189111 0.8862091483412294 1.0732494719428982
113 11300 3.7826393020922584 1.1351761924488724 0.00033879321515623196 0.00033879321515623196 0.0010567154111989243 0.005748046832073401 0.08626114932741924 0.17652127202041853 0.27456201135052993 0.39272235859457527 0.45055667758925333 0.873462254707835 1.1351761924488724
114 11400 3.718443085865594 1.0678437384890795 0.00033339948462135526 0.00033339948462135526 0.0010447536807959427 0.005257332386964769 0.08516107948141925 0.17506249076815947 0.2792798631425825 0.38865941442911145 0.45559568775335574 0.8173214467282117 1.0678437384890795
115 11500 3.608071628755556 0.9999580608901475 0.0003386922999270195 0.0003386922999270195 0.0009963167191054782 0.005342027604186245 0.08089802224782 0.16394487004678185 0.26942515619118873 0.3840713310054588 0.4393126025867757 0.8209489942018864 0.9999580608901475
116 11600 3.2674217413747173 1.013780817228929 0.0003298014684589098 0.0003298014684589098 0.0009938932735767093 0.00487590646167264 0.07949431245118432 0.16622414441223066 0.2608776316451136 0.41509015802310467 0.46617846423528725 0.7906074128040343 1.013780817228929
117 11700 3.3962252155260546 0.9609701417852969 0.00031867417036065616 0.00031867417036065616 0.0009946904982029085 0.004671657822894881 0.0798628260762645 0.1669170070333349 0.25304920181852947 0.39177757196129315 0.4943907892894402 0.7660204549818518 0.9609701417852969
118 11800 3.2688016498039723 1.0079216533505195 0.0003102153010709887 0.0003102153010709887 0.0009534220976603817 0.004744503058701465 0.08618325056231249 0.1574390579901295 0.23756237174606526 0.3897819684341541 0.5100933655397739 0.7067849347987912 1.0079216533505195
119 11900 3.1923587029833733 0.985870627542021 0.00032008546077704354 0.00032008546077704354 0.0009008511135397414 0.004752221583841296 0.09196796981748911 0.14997097374231577 0.24820147203119164 0.39291448461857 0.5414690329823516 0.6990853264305372 0.985870627542021
120 12000 3.0539559140071586 0.9584511176187239 0.00029407075295085147 0.00029407075295085147 0.0008945829655762121 0.004468762825552138 0.0906937298291264 0.14042222272985683 0.25105595369001654 0.41141035225697997 0.5817955717478384 0.7062886691643452 0.9584511176187239
121 12100 2.920141226584901 0.9682367588444312 0.00027384919894291173 0.00027384919894291173 0.0008258925792277986 0.004507943062316008 0.08714664051622777 0.13637159356736406 0.24411689828070227 0.3933155965228667 0.5618014525992073 0.730380385876679 0.9682367588444312
122 12200 2.899601871552463 1.0226142620099143 0.0002606235154298462 0.0002606235154298462 0.0008122863624353673 0.00438503452741953 0.08777479624319266 0.1404514226545369 0.2332824530091087 0.37115723176219867 0.6069286796890262 0.6995460462839836 1.0226142620099143
123 12300 2.6388685803014047 0.9953393131225465 0.00027165096565089417 0.00027165096565089417 0.0008108271807948677 0.00420119224082818 0.08301597598265245 0.1363561574242191 0.23167521872007749 0.36720633025034455 0.618281512520835 0.6855204482108458 0.9953393131225465
124 12400 2.638248844656185 0.9772361253946685 0.00025391421699792727 0.00025391421699792727 0.0007700372732520791 0.003925037862339707 0.08186167034838618 0.14189535369696246 0.23746954246330007 0.34256746773625496 0.6065887974293291 0.6827686165802178 0.9772361253946685
125 12500 2.55603595952819 0.9542461276072943 0.0002530610539064875 0.0002530610539064875 0.0007128031037689256 0.003801290620176626 0.08051239671581048 0.13475828677760798 0.2264697147164464 0.3114982184640614 0.5661545764682627 0.698497180802203 0.9542461276072943
126 12600 2.452110521628981 0.9265860514073182 0.00024945085220161035 0.00024945085220161035 0.000695333689462718 0.0037854526363103667 0.07906747094685343 0.14451549631025998 0.20919353251850858 0.30693438429941233 0.6064178287243607 0.7114779857371584 0.9265860514073182
127 12700 2.310905164835733 0.9463377846924406 0.0002572431156033876 0.0002572431156033876 0.0006832205910355117 0.0035570206140745843 0.07854158229535667 0.1383076490732791 0.20520129219009442 0.2925015966987331 0.5725586796418048 0.693090597764081 0.9463377846924406
128 12800 2.341503747720008 0.9073320676191738 0.0002524190211903265 0.0002524190211903265 0.0006740537635494991 0.003428408240356106 0.07620519941512396 0.13317203964755148 0.19292988467662656 0.2698651852330867 0.5430674379215755 0.6858293256212382 0.9073320676191738
129 12900 2.4937977859358527 0.8889623777859278 0.00025458974200912916 0.00025458974200912916 0.0006522997051791133 0.003367347582970603 0.07761296460237667 0.12954982704760104 0.19901776717820402 0.2837808037807562 0.5647793534463845 0.6405877815914253 0.8889623777859278
130 13000 2.823234816626595 0.8924370237382815 0.0002340356833024701 0.0002340356833024701 0.0006304871085410668 0.0035008247477259797 0.07626110284397838 0.12401514531768468 0.1982179713441845 0.29646965081917115 0.5732512862964882 0.6321006798641299 0.8924370237382815
131 13100 2.717893088263276 0.9769143459964189 0.00022946780075274345 0.00022946780075274345 0.0006081516227002175 0.0035367483475157685 0.0771687259284442 0.12418397410480812 0.19711947385507742 0.27342126673805 0.5414387894342858 0.63976911308121 0.9769143459964189
132 13200 2.66080846890901 0.978391488748534 0.00023771049871700576 0.00023771049871700576 0.000602263693601531 0.0034053237575404852 0.07459255293269139 0.1161604544443638 0.2055520536055538 0.2592486931629972 0.5394370537855789 0.6344506989333355 0.978391488748534
133 13300 2.5764674778907364 0.9468855453262905 0.0002286728299519025 0.0002286728299519025 0.0005843786641589439 0.0031891142987688576 0.07105746386529384 0.11433746092221801 0.21267047806027684 0.2613135507513848 0.5384433774353814 0.6898389056859373 0.9468855453262905
134 13400 2.3960843480237486 0.9620097050136014 0.00023107386053419177 0.00023107386053419177 0.000567305911461883 0.003099154233022099 0.06970193487574095 0.11963243965940018 0.20305779031529012 0.26304486036525876 0.5245322152373018 0.6658801101452454 0.9620097050136014
135 13500 2.40651352034658 0.997387936230788 0.00021121280383065027 0.00021121280383065027 0.0005817094653759302 0.003079251446150279 0.07446274848571412 0.12211668733577413 0.20011443688071232 0.2492274676765385 0.5212014909532098 0.6224213121708392 0.997387936230788
136 13600 2.4074651013827144 1.0043285432333802 0.0002009644136126161 0.0002009644136126161 0.00060411729920078 0.0029009529812054273 0.07202555179050739 0.13256139670727837 0.20834394466927167 0.2620281804424533 0.5277975381309694 0.6108964243011877 1.0043285432333802
137 13700 2.241767065370616 1.039011604562927 0.00020473703203285171 0.00020473703203285171 0.0006467479220707739 0.0027162655261761858 0.07083896964183024 0.13346355284779046 0.21095318042528355 0.249763425547944 0.5198850316102159 0.6011654987005133 1.039011604562927
138 13800 2.2180856825607456 1.0121167090010934 0.00020656926675027097 0.00020656926675027097 0.0006492743663913823 0.0025503381553377766 0.07162607030173124 0.12534937702855078 0.2010259109093287 0.24330084612519906 0.5453388578873611 0.5689645272952975 1.0121167090010934
139 13900 2.2132572682058607 1.0068881977292072 0.0002051315769169135 0.0002051315769169135 0.0006247724502611247 0.0023488894898472624 0.07070192670033891 0.1263815077093525 0.20694594523674745 0.24633164072549982 0.5011847813941491 0.577693624522854 1.0068881977292072
140 14000 2.1275647217934814 1.0045120525306557 0.00020593548901951913 0.00020593548901951913 0.0005890114139952762 0.002315603554894248 0.07081159688163198 0.12653177272136443 0.19723098491092406 0.24067977618231648 0.4833577246565422 0.5844745253570754 1.0045120525306557
141 14100 2.051687657286349 0.9794016181143683 0.0002135478969194912 0.0002135478969194912 0.0005929267029959502 0.002384930868851203 0.07193930702663745 0.12231625448989328 0.1989560627510254 0.24400524010829877 0.492519989621441 0.5850506975198829 0.9794016181143683
142 14200 2.101153545885954 0.9883547757154466 0.00019865512901652194 0.00019865512901652194 0.0005923650141585187 0.0023446432630153404 0.06951878027227032 0.12012505091379752 0.20086063136692794 0.24112227509945405 0.46759729867271965 0.5642090617889229 0.9883547757154466
143 14300 2.211998145430943 1.0591488952670676 0.00019681991958442089 0.00019681991958442089 0.0005759020752137491 0.002270878617352729 0.069018723022182 0.11188792331033623 0.19878015990304893 0.23913807673361748 0.4398877336209606 0.5854895852974661 1.0591488952670676
144 14400 2.3752061033596945 1.0696541935141235 0.00019226600350070157 0.00019226600350070157 0.0005485533454212469 0.0024253846531142377 0.06569720888012963 0.10811864240058967 0.20218268667778722 0.25049119681344395 0.42094612356217614 0.5591465708249697 1.0696541935141235
145 14500 2.296807807386743 1.0822376252664434 0.00018993602848532828 0.00018993602848532828 0.0005248881155285512 0.0024427474492273527 0.06328462858350464 0.11621611146231199 0.2128533403405241 0.25956888541960915 0.40393363231430435 0.5162100133329478 1.0822376252664434
146 14600 2.3489468202475634 1.1120927451687592 0.00018911211273202433 0.00018911211273202433 0.0005060288098763103 0.002584115451342958 0.0682545557715104 0.11130170480385428 0.2152534750497271 0.26645644068547186 0.3721275221150369 0.5058151472846051 1.1120927451687592
147 14700 2.351927852613367 1.0017899505552226 0.00018846608269489112 0.00018846608269489112 0.0005047918816940198 0.0024329427838157905 0.06659857476753903 0.10124727607141333 0.22887234318779154 0.2730502861340271 0.3929423403616275 0.48586067520377213 1.0017899505552226
148 14800 2.2642158967411747 1.003851426306444 0.000177175307010643 0.000177175307010643 0.00046305838052037717 0.0025037890159336604 0.0663009576080943 0.10670464940182432 0.23652095244413396 0.2778361142031397 0.37461844617742623 0.47271919450271765 1.003851426306444
149 14900 2.0881202719327945 1.0046669869576244 0.00017319891593386524 0.00017319891593386524 0.0004566322574927451 0.0023854263407079484 0.06434393525861054 0.10091935849682868 0.22834475529309137 0.2672735157479834 0.35657510480419 0.46243742954175043 1.0046669869576244
150 15000 2.0824428838436075 0.9786524122711132 0.00016369766825320408 0.00016369766825320408 0.0004958483242256165 0.002473064996613392 0.062021531131223405 0.0945900331107504 0.21612187559539942 0.2591226087657268 0.3620486378204831 0.4619172744401141 0.9786524122711132
151 15100 2.1350461432332404 0.9062734267663747 0.00016537627571526592 0.00016537627571526592 0.0004599309154005419 0.0025088819620003315 0.061315343569798744 0.0932902490995672 0.19812605280742052 0.261466328395569 0.3567444727840537 0.4788148026647153 0.9062734267663747
152 15200 2.0054151676907743 0.8480549660544436 0.0001560240696057127 0.0001560240696057127 0.00045387504648228906 0.0023511881919200143 0.05901639787056297 0.09170059316668276 0.18926512703037388 0.2668087861066525 0.36605608839647336 0.47232306305452953 0.8480549660544436
153 15300 1.9741877891302595 0.8544892337909676 0.00015306139791651283 0.00015306139791651283 0.0004305403846985775 0.0022356231881066188 0.05874586169745414 0.08594261142484488 0.17426717904515512 0.2562576246817232 0.357004655797291 0.4620231715480714 0.8544892337909676
154 15400 1.9404481805842475 0.8088730264695079 0.000150450177966063 0.000150450177966063 0.000438374815074702 0.0021664487178860397 0.05605822138492097 0.09161365937240916 0.17249887110530676 0.24705086037528218 0.3603524560514391 0.445000435482429 0.8088730264695079
155 15500 1.9925214877826982 0.8006935540530981 0.0001502291420980484 0.0001502291420980484 0.000443270452346045 0.0021432143500784762 0.054107310643738506 0.08756111405858795 0.16672816189568124 0.24249213958350535 0.3571170359339542 0.41799617780073867 0.8006935540530981
156 15600 1.999001838605279 0.7758938247630028 0.00014403910333553004 0.00014403910333553004 0.00044558908233221687 0.0020590021448079194 0.05657835782912543 0.08939986621777853 0.16518207605226215 0.23836832615038922 0.3632555111923175 0.4215185263702322 0.7758938247630028
157 15700 1.9713769623880764 0.830093518651181 0.00013473009338359576 0.00013473009338359576 0.00044227216399050256 0.001926848641699795 0.055265574536362064 0.08553226711706938 0.1674266754068965 0.22820459034272528 0.3591588236517182 0.45635994327291407 0.830093518651181
158 15800 2.1640930025914336 0.8047539761018483 0.0001205935446019683 0.0001205935446019683 0.0004316384524476548 0.0018727102038872334 0.056121798265239185 0.08119178528736466 0.1681888960547977 0.24460772879876647 0.3674929417841023 0.4727997117969033 0.8047539761018483
159 15900 2.1325088201143467 0.826468465230109 0.00011898239079973949 0.00011898239079973949 0.0004189825487929189 0.002068044054487144 0.053619114736350316 0.07739911369018918 0.1747340320742839 0.24571142487514014 0.3545194591904762 0.4843719438234602 0.826468465230109
160 16000 2.307639237872261 0.8477523612218882 0.00012177238507367688 0.00012177238507367688 0.0003957134897811252 0.0019276356270645915 0.048801203584890374 0.0744090606781153 0.1712428474791605 0.23077366775752142 0.35613461456478124 0.476813398164716 0.8477523612218882
161 16100 2.253498740561266 0.8580126226113821 0.00011625183546212371 0.00011625183546212371 0.00039113253012642424 0.002003550718583142 0.04824942671360072 0.07128997210726239 0.16511106162210717 0.22557687154890074 0.3556747455072318 0.4590488174497908 0.8580126226113821
162 16200 2.1662842420932957 0.8804462457867276 0.00011972599184461861 0.00011972599184461861 0.0003786923450672503 0.0019322019770631421 0.044873698823620314 0.06955206442591025 0.16598831784702944 0.21125459763730167 0.35074668422895133 0.5055508989613153 0.8804462457867276
163 16300 2.3934472904931905 0.8767530850978282 0.00011978072287404363 0.00011978072287404363 0.00037533930178812545 0.0019635361071987144 0.04276358350630325 0.06996680024804473 0.16855370825181212 0.2022314244215385 0.3449199848899197 0.4903060005634439 0.8767530850978282
164 16400 2.596535794554965 0.8684741745877719 0.00012580489134743337 0.00012580489134743337 0.00037578429412047845 0.0017393680145446485 0.04402938866161198 0.07045152844364301 0.1599947304307498 0.21509049976191227 0.34625263812503176 0.5334823627502248 0.8684741745877719
165 16500 2.671558206098851 0.8296178720128574 0.00011981803918777187 0.00011981803918777187 0.00035689165133332643 0.0017956435181459341 0.043708990534970904 0.07195865127869513 0.15714725068507976 0.2007072783113165 0.3425587913937733 0.5372780177116073 0.8296178720128574
166 16600 2.7757681815079014 0.8408755808359195 0.00012345904855285672 0.00012345904855285672 0.0003384677809992292 0.0018265083398910583 0.042771239995292136 0.06919912293779541 0.1657424116211094 0.1955481952549156 0.3302927496350126 0.5284553218785151 0.8408755808359195
167 16700 2.7944109038463405 0.8845467464388059 0.0001175496414682153 0.0001175496414682153 0.00032681495632569087 0.0017813211057590736 0.04258033702479345 0.06664699621339944 0.17092110099940322 0.18529652507421307 0.35844938045333624 0.5069086032134797 0.8845467464388059
168 16800 2.71523831798847 0.8386704518265937 0.00012014430717054019 0.00012014430717054019 0.00034326337430927906 0.001874145227961643 0.042433874323661996 0.07141622092171597 0.16681216620141398 0.1779016494454106 0.3420814412507703 0.4937490976242594 0.8386704518265937
169 16900 2.77598698036272 0.8642384515450287 0.00011753237959970453 0.00011753237959970453 0.0003563850872039553 0.001930247348567805 0.04053219219582671 0.06777263614462005 0.16529350956159886 0.1817138753611415 0.3265109634161168 0.49099545357103275 0.8642384515450287
170 17000 3.1805226302312652 0.8080395915468351 0.0001180795270891802 0.0001180795270891802 0.00036461819363694766 0.0018737413218200818 0.04197270041946404 0.06551601647686545 0.16919065916101275 0.19374782505890908 0.32596296510653455 0.49729613773980935 0.8080395915468351
171 17100 3.0186043921621137 0.8436451748540577 0.000110441618385032 0.000110441618385032 0.000348770432569927 0.0017640581680738452 0.04047891662232108 0.06423084721627804 0.17338605362990686 0.18736387267756843 0.32855637575414687 0.5499602734837644 0.8436451748540577
172 17200 2.928048645924695 0.9112767121109574 0.00010572740460018881 0.00010572740460018881 0.00034309902229645795 0.001819860311747791 0.03889001080751876 0.06575051295505292 0.16857785525125651 0.19365203251312219 0.3242340268507359 0.5324588612209228 0.9112767121109574
173 17300 2.813244367968861 0.9416192468883582 0.00010268353111982085 0.00010268353111982085 0.00032367596205656093 0.0017763574915005222 0.04086379564606308 0.06405929005372682 0.16040877268322837 0.18632443631575243 0.30714186614964567 0.5131372180327568 0.9416192468883582
174 17400 2.4997653774706388 0.8923270972723033 0.00010400536040204061 0.00010400536040204061 0.0003221397229175688 0.001685310868689371 0.03794835838146046 0.06362478921914622 0.15859213224540156 0.18818377868924624 0.2887799841186476 0.5232904200950785 0.8923270972723033
175 17500 2.440042412115788 0.9423437481465397 0.00010565361112822868 0.00010565361112822868 0.0003101141511968258 0.0016637411316774184 0.03696931567128135 0.060161220625957634 0.15466583007927842 0.1853253972793634 0.278270695750751 0.5138889606220656 0.9423437481465397
176 17600 2.3213395719520853 0.9506684942465202 0.00010723870746891843 0.00010723870746891843 0.0002953314691479323 0.001566614043406591 0.03573558996637341 0.0594305142865873 0.14704445857383253 0.19133085088917723 0.2737293824699205 0.5170662927605856 0.9506684942465202
177 17700 2.4670992551091424 0.9031224807589004 0.00010520234125468067 0.00010520234125468067 0.0002708953483178102 0.0015665078252167838 0.03522318899807731 0.05650536292600916 0.15372365455662992 0.20129681714005754 0.2603499835899508 0.5174461894491853 0.9031224807589004
178 17800 2.3282542505211237 1.0187785533437848 0.00010610725612460826 0.00010610725612460826 0.0002591771329703616 0.0015167317073480316 0.0331387263278084 0.058509859560996906 0.16460812563103527 0.19554092389370095 0.277487960709948 0.5057712857987665 1.0187785533437848
179 17900 2.11709964867285 1.0166860401523432 0.00010050096323641475 0.00010050096323641475 0.0002656706989920826 0.00138182676819418 0.03383621974083126 0.057463350228963796 0.16203211805438603 0.20130435402936725 0.2788967338689553 0.4868769000866902 1.0166860401523432
180 18000 2.083797899647493 1.077883487702168 9.734947170916856e-05 9.734947170916856e-05 0.00027363234973449 0.0013404350581044768 0.031224208157134305 0.055888520104623314 0.1523398719856786 0.20162538393143054 0.2784517991148936 0.48300951495921124 1.077883487702168
181 18100 2.1663168577473577 1.1296623419591707 9.876657729465899e-05 9.876657729465899e-05 0.0002824844387813159 0.0012967800188392884 0.030349424559578824 0.05625888922478446 0.15247365575718555 0.19598626114746517 0.287666570926685 0.4775452790036831 1.1296623419591707
182 18200 2.33781608184187 1.2086860246093423 9.730905055005374e-05 9.730905055005374e-05 0.00028611100290391666 0.0013807192890827285 0.028560647909714635 0.05434764952696975 0.14562996384015017 0.20471166741437163 0.27925650647067035 0.46278254198791313 1.2086860246093423
183 18300 2.4830087007480905 1.1767323252044488 8.93692852984854e-05 8.93692852984854e-05 0.00029537197433021693 0.0013004839374297472 0.027838222903123055 0.0524171675094218 0.15724777676330373 0.20505309328815388 0.27570699750257305 0.4671031769650821 1.1767323252044488
184 18400 2.379838645074599 1.1658826320035391 8.935802342922885e-05 8.935802342922885e-05 0.000296303886764056 0.0013372591167370358 0.026689978687538522 0.04694445331315238 0.14949796010445635 0.20248859904324942 0.2970606437571562 0.4721820279403044 1.1658826320035391
185 18500 2.5522401100697363 1.1191399911710675 8.568591865034895e-05 8.568591865034895e-05 0.0003056922823724465 0.0013263038710743704 0.02515237938297386 0.046844931440954994 0.1579342331980857 0.19992130603711109 0.28237594782265923 0.45854456705072616 1.1191399911710675
186 18600 2.5597948070287453 1.0978894144982145 8.044080431334227e-05 8.044080431334227e-05 0.0002975614120604084 0.00137918138903825 0.0275332850268294 0.051613631119141745 0.15025288856818864 0.1845991586266823 0.2850782784784082 0.5121991843742945 1.0978894144982145
187 18700 2.456874459049335 1.0668689208670512 8.067163875650818e-05 8.067163875650818e-05 0.00029939132814867726 0.0013842198961312772 0.026736902317405185 0.053889633870930445 0.1456386060442164 0.18486647227098027 0.2737127285174969 0.5425553447488389 1.0668689208670512
188 18800 2.446608011962127 1.0275398670496358 7.9025258659226e-05 7.9025258659226e-05 0.0002916331919980831 0.0013769216781506193 0.026016824170509555 0.054884231552465954 0.14018266860185985 0.1869950166709517 0.27220547693397934 0.5693758358536933 1.0275398670496358
189 18900 2.6856739347118035 1.1074089085614682 7.459969131689156e-05 7.459969131689156e-05 0.00030712634456831205 0.0013923810458338415 0.023954040748690623 0.05500503115985158 0.14035394827008266 0.1779010660483086 0.26742599522419447 0.54573121491325 1.1074089085614682
190 19000 2.637642759009533 1.1530809191309452 7.406670613602376e-05 7.406670613602376e-05 0.00030409671055988573 0.0013548604305669836 0.023943737619203032 0.055022425210525 0.14098075167815954 0.19630452735894854 0.27793679169358476 0.5283540002751883 1.1530809191309452
191 19100 2.782441192700656 1.120468927377023 7.237439458563234e-05 7.237439458563234e-05 0.00030440611611429717 0.0012682609709369552 0.023310978471330204 0.052949727210127154 0.13314382453389406 0.19583627002021056 0.28697968882244845 0.5081275890099044 1.120468927377023
192 19200 2.640919641069602 1.0582653314441253 7.027269326478478e-05 7.027269326478478e-05 0.00029185057593341144 0.0013323521152727787 0.021567658449387326 0.05253979737978825 0.1325727709573929 0.19620748140032446 0.2938244991357185 0.49424676626089625 1.0582653314441253
193 19300 2.57906347417687 1.0475825549490532 6.484749454663564e-05 6.484749454663564e-05 0.0002903722872747328 0.0013546004734901452 0.019831775249106582 0.050997804205602675 0.14090587432883867 0.2078871561939058 0.30254092879936095 0.4928570860315427 1.0475825549490532
194 19400 2.370826348932909 0.9415092331717528 6.626435262061515e-05 6.626435262061515e-05 0.0002797011151405688 0.0013125691296410169 0.020340255025931616 0.05152082280757335 0.14598069548192646 0.19401455610175317 0.29575741418432333 0.5162442940256334 0.9415092331717528
195 19500 2.365122041648701 0.8911183413153647 6.793547443321e-05 6.793547443321e-05 0.00026800683113043736 0.001308134178454432 0.01958124619708738 0.04952771575933957 0.14147432740298585 0.20186647833945848 0.2852586870236267 0.5023655706479543 0.8911183413153647
196 19600 2.3152934172841952 0.8539611437740318 6.892156924903665e-05 6.892156924903665e-05 0.00027815591471812317 0.0012587683518575149 0.020619317600472867 0.047397105950978326 0.1322189105812343 0.2045472293972007 0.2742089612708493 0.5079760592974586 0.8539611437740318
197 19700 2.449253911251806 0.9158060117267011 6.655796840840934e-05 6.655796840840934e-05 0.00026837123579037344 0.001212370232243335 0.02020334047294207 0.0501125508378881 0.1403870680067877 0.19341690593290686 0.2698498474646743 0.5041654739475906 0.9158060117267011
198 19800 2.3812411396357938 0.9622511329837706 6.650073852803364e-05 6.650073852803364e-05 0.00026116411457350903 0.001160044717451758 0.018719724330906972 0.04938831330447106 0.13358512989019208 0.19780190244159376 0.2801233003420756 0.5324106789598326 0.9622511329837706
199 19900 2.4018931711929534 0.9688216604327337 6.329737591164373e-05 6.329737591164373e-05 0.00025785381761496076 0.0012404740649841557 0.01874117190256444 0.050557240622388096 0.13519010860315997 0.20005153093686362 0.2817559558369006 0.5189986774076613 0.9688216604327337
200 20000 2.3724306962344617 1.0178325740921088 6.0857784962115426e-05 6.0857784962115426e-05 0.0002519953335619484 0.001269235207094767 0.018209291114521374 0.04708801643438252 0.12436395018314621 0.19171043277835165 0.2924945043523781 0.5035800155209158 1.0178325740921088
201 20100 2.3037642616064935 1.0001573074636452 5.7809744948244145e-05 5.7809744948244145e-05 0.0002548365395351418 0.0012855011317356147 0.017353782448086937 0.045346491717197304 0.12697211375539516 0.20427855964940395 0.27910598527163166 0.5490478719700377 1.0001573074636452
201 20100 2.3037642616064935 1.0001573074636452 5.7809744948244145e-05 5.7809744948244145e-05 0.0002548365395351418 0.0012855011317356147 0.017353782448086937 0.045346491717197304 0.12697211375539516 0.20427855964940395 0.27910598527163166 0.5490478719700377 1.0001573074636452
