% # columns="iteration, evaluation, min max(neg(.)) min(pos(.)) max correlation, correlation matrix principal axes lengths  (sorted square roots of eigenvalues of correlation matrix)", seed=42, Tue Oct  7 17:01:39 2025
1 100 -0.14221522309003454 -0.05877332997573367 0.025629618112395114 0.08430934172348499 0.8340043420524614 0.8935532750238411 0.9468396755059064 0.9756961122701512 0.9961425409596262 1.0118086448902353 1.0248506748676864 1.0802432402494113 1.091297364739112 1.110531417641414
2 200 -0.14221522309003454 -0.05877332997573367 0.025629618112395114 0.08430934172348499 0.8340043420524614 0.8935532750238411 0.9468396755059064 0.9756961122701512 0.9961425409596262 1.0118086448902353 1.0248506748676864 1.0802432402494113 1.091297364739112 1.110531417641414
3 300 -0.14221522309003454 -0.05877332997573367 0.025629618112395114 0.08430934172348499 0.8340043420524614 0.8935532750238411 0.9468396755059064 0.9756961122701512 0.9961425409596262 1.0118086448902353 1.0248506748676864 1.0802432402494113 1.091297364739112 1.110531417641414
4 400 -0.14221522309003454 -0.05877332997573367 0.025629618112395114 0.08430934172348499 0.8340043420524614 0.8935532750238411 0.9468396755059064 0.9756961122701512 0.9961425409596262 1.0118086448902353 1.0248506748676864 1.0802432402494113 1.091297364739112 1.110531417641414
5 500 -0.14221522309003454 -0.05877332997573367 0.025629618112395114 0.08430934172348499 0.8340043420524614 0.8935532750238411 0.9468396755059064 0.9756961122701512 0.9961425409596262 1.0118086448902353 1.0248506748676864 1.0802432402494113 1.091297364739112 1.110531417641414
6 600 -0.14221522309003454 -0.05877332997573367 0.025629618112395114 0.08430934172348499 0.8340043420524614 0.8935532750238411 0.9468396755059064 0.9756961122701512 0.9961425409596262 1.0118086448902353 1.0248506748676864 1.0802432402494113 1.091297364739112 1.110531417641414
7 700 -0.14221522309003454 -0.05877332997573367 0.025629618112395114 0.08430934172348499 0.8340043420524614 0.8935532750238411 0.9468396755059064 0.9756961122701512 0.9961425409596262 1.0118086448902353 1.0248506748676864 1.0802432402494113 1.091297364739112 1.110531417641414
8 800 -0.14221522309003454 -0.05877332997573367 0.025629618112395114 0.08430934172348499 0.8340043420524614 0.8935532750238411 0.9468396755059064 0.9756961122701512 0.9961425409596262 1.0118086448902353 1.0248506748676864 1.0802432402494113 1.091297364739112 1.110531417641414
9 900 -0.14221522309003454 -0.05877332997573367 0.025629618112395114 0.08430934172348499 0.8340043420524614 0.8935532750238411 0.9468396755059064 0.9756961122701512 0.9961425409596262 1.0118086448902353 1.0248506748676864 1.0802432402494113 1.091297364739112 1.110531417641414
10 1000 -0.14221522309003454 -0.05877332997573367 0.025629618112395114 0.08430934172348499 0.8340043420524614 0.8935532750238411 0.9468396755059064 0.9756961122701512 0.9961425409596262 1.0118086448902353 1.0248506748676864 1.0802432402494113 1.091297364739112 1.110531417641414
11 1100 -0.38761453539766094 -0.14238002123605875 0.1176101946927799 0.4972661318317909 0.5692781924284407 0.6502415445764235 0.7163610464969693 0.7536565473518254 0.8974355172179959 0.9713908849239009 1.0429582735653107 1.1217480767920467 1.4097814299063982 1.445469399833935
12 1200 -0.38761453539766094 -0.14238002123605875 0.1176101946927799 0.4972661318317909 0.5692781924284407 0.6502415445764235 0.7163610464969693 0.7536565473518254 0.8974355172179959 0.9713908849239009 1.0429582735653107 1.1217480767920467 1.4097814299063982 1.445469399833935
13 1300 -0.38761453539766094 -0.14238002123605875 0.1176101946927799 0.4972661318317909 0.5692781924284407 0.6502415445764235 0.7163610464969693 0.7536565473518254 0.8974355172179959 0.9713908849239009 1.0429582735653107 1.1217480767920467 1.4097814299063982 1.445469399833935
14 1400 -0.38761453539766094 -0.14238002123605875 0.1176101946927799 0.4972661318317909 0.5692781924284407 0.6502415445764235 0.7163610464969693 0.7536565473518254 0.8974355172179959 0.9713908849239009 1.0429582735653107 1.1217480767920467 1.4097814299063982 1.445469399833935
15 1500 -0.38761453539766094 -0.14238002123605875 0.1176101946927799 0.4972661318317909 0.5692781924284407 0.6502415445764235 0.7163610464969693 0.7536565473518254 0.8974355172179959 0.9713908849239009 1.0429582735653107 1.1217480767920467 1.4097814299063982 1.445469399833935
16 1600 -0.38761453539766094 -0.14238002123605875 0.1176101946927799 0.4972661318317909 0.5692781924284407 0.6502415445764235 0.7163610464969693 0.7536565473518254 0.8974355172179959 0.9713908849239009 1.0429582735653107 1.1217480767920467 1.4097814299063982 1.445469399833935
17 1700 -0.38761453539766094 -0.14238002123605875 0.1176101946927799 0.4972661318317909 0.5692781924284407 0.6502415445764235 0.7163610464969693 0.7536565473518254 0.8974355172179959 0.9713908849239009 1.0429582735653107 1.1217480767920467 1.4097814299063982 1.445469399833935
18 1800 -0.38761453539766094 -0.14238002123605875 0.1176101946927799 0.4972661318317909 0.5692781924284407 0.6502415445764235 0.7163610464969693 0.7536565473518254 0.8974355172179959 0.9713908849239009 1.0429582735653107 1.1217480767920467 1.4097814299063982 1.445469399833935
19 1900 -0.38761453539766094 -0.14238002123605875 0.1176101946927799 0.4972661318317909 0.5692781924284407 0.6502415445764235 0.7163610464969693 0.7536565473518254 0.8974355172179959 0.9713908849239009 1.0429582735653107 1.1217480767920467 1.4097814299063982 1.445469399833935
20 2000 -0.38761453539766094 -0.14238002123605875 0.1176101946927799 0.4972661318317909 0.5692781924284407 0.6502415445764235 0.7163610464969693 0.7536565473518254 0.8974355172179959 0.9713908849239009 1.0429582735653107 1.1217480767920467 1.4097814299063982 1.445469399833935
21 2100 -0.5675279679410697 -0.18002088483900303 0.12236929408747912 0.465431603835769 0.3728378842593904 0.4835073519413613 0.6335700733227523 0.806652772592938 0.8860555630025599 1.0466743951914967 1.0890435725604015 1.2050952175335399 1.2941136637788726 1.5432078628699968
22 2200 -0.5675279679410697 -0.18002088483900303 0.12236929408747912 0.465431603835769 0.3728378842593904 0.4835073519413613 0.6335700733227523 0.806652772592938 0.8860555630025599 1.0466743951914967 1.0890435725604015 1.2050952175335399 1.2941136637788726 1.5432078628699968
23 2300 -0.5675279679410697 -0.18002088483900303 0.12236929408747912 0.465431603835769 0.3728378842593904 0.4835073519413613 0.6335700733227523 0.806652772592938 0.8860555630025599 1.0466743951914967 1.0890435725604015 1.2050952175335399 1.2941136637788726 1.5432078628699968
24 2400 -0.5675279679410697 -0.18002088483900303 0.12236929408747912 0.465431603835769 0.3728378842593904 0.4835073519413613 0.6335700733227523 0.806652772592938 0.8860555630025599 1.0466743951914967 1.0890435725604015 1.2050952175335399 1.2941136637788726 1.5432078628699968
25 2500 -0.5675279679410697 -0.18002088483900303 0.12236929408747912 0.465431603835769 0.3728378842593904 0.4835073519413613 0.6335700733227523 0.806652772592938 0.8860555630025599 1.0466743951914967 1.0890435725604015 1.2050952175335399 1.2941136637788726 1.5432078628699968
26 2600 -0.5675279679410697 -0.18002088483900303 0.12236929408747912 0.465431603835769 0.3728378842593904 0.4835073519413613 0.6335700733227523 0.806652772592938 0.8860555630025599 1.0466743951914967 1.0890435725604015 1.2050952175335399 1.2941136637788726 1.5432078628699968
27 2700 -0.5675279679410697 -0.18002088483900303 0.12236929408747912 0.465431603835769 0.3728378842593904 0.4835073519413613 0.6335700733227523 0.806652772592938 0.8860555630025599 1.0466743951914967 1.0890435725604015 1.2050952175335399 1.2941136637788726 1.5432078628699968
28 2800 -0.5675279679410697 -0.18002088483900303 0.12236929408747912 0.465431603835769 0.3728378842593904 0.4835073519413613 0.6335700733227523 0.806652772592938 0.8860555630025599 1.0466743951914967 1.0890435725604015 1.2050952175335399 1.2941136637788726 1.5432078628699968
29 2900 -0.5675279679410697 -0.18002088483900303 0.12236929408747912 0.465431603835769 0.3728378842593904 0.4835073519413613 0.6335700733227523 0.806652772592938 0.8860555630025599 1.0466743951914967 1.0890435725604015 1.2050952175335399 1.2941136637788726 1.5432078628699968
30 3000 -0.5675279679410697 -0.18002088483900303 0.12236929408747912 0.465431603835769 0.3728378842593904 0.4835073519413613 0.6335700733227523 0.806652772592938 0.8860555630025599 1.0466743951914967 1.0890435725604015 1.2050952175335399 1.2941136637788726 1.5432078628699968
31 3100 -0.7516233793199039 -0.23045694482215318 0.1948786958351699 0.561069196974505 0.4044683280467613 0.5144838732338918 0.5214662955413667 0.6504052450696861 0.8312458256906107 0.9394485167212474 1.0257292482894549 1.192978581872768 1.2717269832682603 1.7918193518643277
32 3200 -0.7516233793199039 -0.23045694482215318 0.1948786958351699 0.561069196974505 0.4044683280467613 0.5144838732338918 0.5214662955413667 0.6504052450696861 0.8312458256906107 0.9394485167212474 1.0257292482894549 1.192978581872768 1.2717269832682603 1.7918193518643277
33 3300 -0.7516233793199039 -0.23045694482215318 0.1948786958351699 0.561069196974505 0.4044683280467613 0.5144838732338918 0.5214662955413667 0.6504052450696861 0.8312458256906107 0.9394485167212474 1.0257292482894549 1.192978581872768 1.2717269832682603 1.7918193518643277
34 3400 -0.7516233793199039 -0.23045694482215318 0.1948786958351699 0.561069196974505 0.4044683280467613 0.5144838732338918 0.5214662955413667 0.6504052450696861 0.8312458256906107 0.9394485167212474 1.0257292482894549 1.192978581872768 1.2717269832682603 1.7918193518643277
35 3500 -0.7516233793199039 -0.23045694482215318 0.1948786958351699 0.561069196974505 0.4044683280467613 0.5144838732338918 0.5214662955413667 0.6504052450696861 0.8312458256906107 0.9394485167212474 1.0257292482894549 1.192978581872768 1.2717269832682603 1.7918193518643277
36 3600 -0.7516233793199039 -0.23045694482215318 0.1948786958351699 0.561069196974505 0.4044683280467613 0.5144838732338918 0.5214662955413667 0.6504052450696861 0.8312458256906107 0.9394485167212474 1.0257292482894549 1.192978581872768 1.2717269832682603 1.7918193518643277
37 3700 -0.7516233793199039 -0.23045694482215318 0.1948786958351699 0.561069196974505 0.4044683280467613 0.5144838732338918 0.5214662955413667 0.6504052450696861 0.8312458256906107 0.9394485167212474 1.0257292482894549 1.192978581872768 1.2717269832682603 1.7918193518643277
38 3800 -0.7516233793199039 -0.23045694482215318 0.1948786958351699 0.561069196974505 0.4044683280467613 0.5144838732338918 0.5214662955413667 0.6504052450696861 0.8312458256906107 0.9394485167212474 1.0257292482894549 1.192978581872768 1.2717269832682603 1.7918193518643277
39 3900 -0.7516233793199039 -0.23045694482215318 0.1948786958351699 0.561069196974505 0.4044683280467613 0.5144838732338918 0.5214662955413667 0.6504052450696861 0.8312458256906107 0.9394485167212474 1.0257292482894549 1.192978581872768 1.2717269832682603 1.7918193518643277
40 4000 -0.7516233793199039 -0.23045694482215318 0.1948786958351699 0.561069196974505 0.4044683280467613 0.5144838732338918 0.5214662955413667 0.6504052450696861 0.8312458256906107 0.9394485167212474 1.0257292482894549 1.192978581872768 1.2717269832682603 1.7918193518643277
41 4100 -0.7148485056148102 -0.10054998892786547 0.14575848406678266 0.635548196892872 0.26884156478376703 0.41886069987392915 0.5242193389008828 0.6200522111737414 0.9747208805423873 1.1255181026475618 1.1825653456957308 1.2326017835209613 1.331061407975293 1.4787308908497285
42 4200 -0.7148485056148102 -0.10054998892786547 0.14575848406678266 0.635548196892872 0.26884156478376703 0.41886069987392915 0.5242193389008828 0.6200522111737414 0.9747208805423873 1.1255181026475618 1.1825653456957308 1.2326017835209613 1.331061407975293 1.4787308908497285
43 4300 -0.7148485056148102 -0.10054998892786547 0.14575848406678266 0.635548196892872 0.26884156478376703 0.41886069987392915 0.5242193389008828 0.6200522111737414 0.9747208805423873 1.1255181026475618 1.1825653456957308 1.2326017835209613 1.331061407975293 1.4787308908497285
44 4400 -0.7148485056148102 -0.10054998892786547 0.14575848406678266 0.635548196892872 0.26884156478376703 0.41886069987392915 0.5242193389008828 0.6200522111737414 0.9747208805423873 1.1255181026475618 1.1825653456957308 1.2326017835209613 1.331061407975293 1.4787308908497285
45 4500 -0.7148485056148102 -0.10054998892786547 0.14575848406678266 0.635548196892872 0.26884156478376703 0.41886069987392915 0.5242193389008828 0.6200522111737414 0.9747208805423873 1.1255181026475618 1.1825653456957308 1.2326017835209613 1.331061407975293 1.4787308908497285
46 4600 -0.7148485056148102 -0.10054998892786547 0.14575848406678266 0.635548196892872 0.26884156478376703 0.41886069987392915 0.5242193389008828 0.6200522111737414 0.9747208805423873 1.1255181026475618 1.1825653456957308 1.2326017835209613 1.331061407975293 1.4787308908497285
47 4700 -0.7148485056148102 -0.10054998892786547 0.14575848406678266 0.635548196892872 0.26884156478376703 0.41886069987392915 0.5242193389008828 0.6200522111737414 0.9747208805423873 1.1255181026475618 1.1825653456957308 1.2326017835209613 1.331061407975293 1.4787308908497285
48 4800 -0.7148485056148102 -0.10054998892786547 0.14575848406678266 0.635548196892872 0.26884156478376703 0.41886069987392915 0.5242193389008828 0.6200522111737414 0.9747208805423873 1.1255181026475618 1.1825653456957308 1.2326017835209613 1.331061407975293 1.4787308908497285
49 4900 -0.7148485056148102 -0.10054998892786547 0.14575848406678266 0.635548196892872 0.26884156478376703 0.41886069987392915 0.5242193389008828 0.6200522111737414 0.9747208805423873 1.1255181026475618 1.1825653456957308 1.2326017835209613 1.331061407975293 1.4787308908497285
50 5000 -0.7148485056148102 -0.10054998892786547 0.14575848406678266 0.635548196892872 0.26884156478376703 0.41886069987392915 0.5242193389008828 0.6200522111737414 0.9747208805423873 1.1255181026475618 1.1825653456957308 1.2326017835209613 1.331061407975293 1.4787308908497285
51 5100 -0.7062623366151123 -0.08162032340022746 0.1864485373927881 0.6897011470229036 0.2689393716151239 0.3853606337776771 0.4779663496939807 0.5367415268220349 0.8460755348514163 0.9430749898928448 1.2179692373858026 1.3327031910660725 1.448979340128236 1.5160155883845288
52 5200 -0.7062623366151123 -0.08162032340022746 0.1864485373927881 0.6897011470229036 0.2689393716151239 0.3853606337776771 0.4779663496939807 0.5367415268220349 0.8460755348514163 0.9430749898928448 1.2179692373858026 1.3327031910660725 1.448979340128236 1.5160155883845288
53 5300 -0.7062623366151123 -0.08162032340022746 0.1864485373927881 0.6897011470229036 0.2689393716151239 0.3853606337776771 0.4779663496939807 0.5367415268220349 0.8460755348514163 0.9430749898928448 1.2179692373858026 1.3327031910660725 1.448979340128236 1.5160155883845288
54 5400 -0.7062623366151123 -0.08162032340022746 0.1864485373927881 0.6897011470229036 0.2689393716151239 0.3853606337776771 0.4779663496939807 0.5367415268220349 0.8460755348514163 0.9430749898928448 1.2179692373858026 1.3327031910660725 1.448979340128236 1.5160155883845288
55 5500 -0.7062623366151123 -0.08162032340022746 0.1864485373927881 0.6897011470229036 0.2689393716151239 0.3853606337776771 0.4779663496939807 0.5367415268220349 0.8460755348514163 0.9430749898928448 1.2179692373858026 1.3327031910660725 1.448979340128236 1.5160155883845288
56 5600 -0.7062623366151123 -0.08162032340022746 0.1864485373927881 0.6897011470229036 0.2689393716151239 0.3853606337776771 0.4779663496939807 0.5367415268220349 0.8460755348514163 0.9430749898928448 1.2179692373858026 1.3327031910660725 1.448979340128236 1.5160155883845288
57 5700 -0.7062623366151123 -0.08162032340022746 0.1864485373927881 0.6897011470229036 0.2689393716151239 0.3853606337776771 0.4779663496939807 0.5367415268220349 0.8460755348514163 0.9430749898928448 1.2179692373858026 1.3327031910660725 1.448979340128236 1.5160155883845288
58 5800 -0.7062623366151123 -0.08162032340022746 0.1864485373927881 0.6897011470229036 0.2689393716151239 0.3853606337776771 0.4779663496939807 0.5367415268220349 0.8460755348514163 0.9430749898928448 1.2179692373858026 1.3327031910660725 1.448979340128236 1.5160155883845288
59 5900 -0.7062623366151123 -0.08162032340022746 0.1864485373927881 0.6897011470229036 0.2689393716151239 0.3853606337776771 0.4779663496939807 0.5367415268220349 0.8460755348514163 0.9430749898928448 1.2179692373858026 1.3327031910660725 1.448979340128236 1.5160155883845288
60 6000 -0.7062623366151123 -0.08162032340022746 0.1864485373927881 0.6897011470229036 0.2689393716151239 0.3853606337776771 0.4779663496939807 0.5367415268220349 0.8460755348514163 0.9430749898928448 1.2179692373858026 1.3327031910660725 1.448979340128236 1.5160155883845288
61 6100 -0.8227485920022513 -0.08324255800556406 0.10944847908040108 0.8851283796555367 0.19094603265396295 0.35659494576572937 0.4150080493857303 0.48872239542425316 0.7387215957222453 1.0050160450446026 1.1101560086164424 1.2987962151508947 1.5445718587391977 1.601409176592237
62 6200 -0.8227485920022513 -0.08324255800556406 0.10944847908040108 0.8851283796555367 0.19094603265396295 0.35659494576572937 0.4150080493857303 0.48872239542425316 0.7387215957222453 1.0050160450446026 1.1101560086164424 1.2987962151508947 1.5445718587391977 1.601409176592237
63 6300 -0.8227485920022513 -0.08324255800556406 0.10944847908040108 0.8851283796555367 0.19094603265396295 0.35659494576572937 0.4150080493857303 0.48872239542425316 0.7387215957222453 1.0050160450446026 1.1101560086164424 1.2987962151508947 1.5445718587391977 1.601409176592237
64 6400 -0.8227485920022513 -0.08324255800556406 0.10944847908040108 0.8851283796555367 0.19094603265396295 0.35659494576572937 0.4150080493857303 0.48872239542425316 0.7387215957222453 1.0050160450446026 1.1101560086164424 1.2987962151508947 1.5445718587391977 1.601409176592237
65 6500 -0.8227485920022513 -0.08324255800556406 0.10944847908040108 0.8851283796555367 0.19094603265396295 0.35659494576572937 0.4150080493857303 0.48872239542425316 0.7387215957222453 1.0050160450446026 1.1101560086164424 1.2987962151508947 1.5445718587391977 1.601409176592237
66 6600 -0.8227485920022513 -0.08324255800556406 0.10944847908040108 0.8851283796555367 0.19094603265396295 0.35659494576572937 0.4150080493857303 0.48872239542425316 0.7387215957222453 1.0050160450446026 1.1101560086164424 1.2987962151508947 1.5445718587391977 1.601409176592237
67 6700 -0.8227485920022513 -0.08324255800556406 0.10944847908040108 0.8851283796555367 0.19094603265396295 0.35659494576572937 0.4150080493857303 0.48872239542425316 0.7387215957222453 1.0050160450446026 1.1101560086164424 1.2987962151508947 1.5445718587391977 1.601409176592237
68 6800 -0.8227485920022513 -0.08324255800556406 0.10944847908040108 0.8851283796555367 0.19094603265396295 0.35659494576572937 0.4150080493857303 0.48872239542425316 0.7387215957222453 1.0050160450446026 1.1101560086164424 1.2987962151508947 1.5445718587391977 1.601409176592237
69 6900 -0.8227485920022513 -0.08324255800556406 0.10944847908040108 0.8851283796555367 0.19094603265396295 0.35659494576572937 0.4150080493857303 0.48872239542425316 0.7387215957222453 1.0050160450446026 1.1101560086164424 1.2987962151508947 1.5445718587391977 1.601409176592237
70 7000 -0.8227485920022513 -0.08324255800556406 0.10944847908040108 0.8851283796555367 0.19094603265396295 0.35659494576572937 0.4150080493857303 0.48872239542425316 0.7387215957222453 1.0050160450446026 1.1101560086164424 1.2987962151508947 1.5445718587391977 1.601409176592237
71 7100 -0.8559612256901232 -0.17002777549156534 0.13415799962968483 0.9400834632010429 0.1346985625306723 0.2785035740620923 0.38375990045854863 0.5025807115719467 0.6548973452559135 0.8093416538728123 1.0805796925929418 1.2907179494158674 1.6181656363226777 1.7229170770996902
72 7200 -0.8559612256901232 -0.17002777549156534 0.13415799962968483 0.9400834632010429 0.1346985625306723 0.2785035740620923 0.38375990045854863 0.5025807115719467 0.6548973452559135 0.8093416538728123 1.0805796925929418 1.2907179494158674 1.6181656363226777 1.7229170770996902
73 7300 -0.8559612256901232 -0.17002777549156534 0.13415799962968483 0.9400834632010429 0.1346985625306723 0.2785035740620923 0.38375990045854863 0.5025807115719467 0.6548973452559135 0.8093416538728123 1.0805796925929418 1.2907179494158674 1.6181656363226777 1.7229170770996902
74 7400 -0.8559612256901232 -0.17002777549156534 0.13415799962968483 0.9400834632010429 0.1346985625306723 0.2785035740620923 0.38375990045854863 0.5025807115719467 0.6548973452559135 0.8093416538728123 1.0805796925929418 1.2907179494158674 1.6181656363226777 1.7229170770996902
75 7500 -0.8559612256901232 -0.17002777549156534 0.13415799962968483 0.9400834632010429 0.1346985625306723 0.2785035740620923 0.38375990045854863 0.5025807115719467 0.6548973452559135 0.8093416538728123 1.0805796925929418 1.2907179494158674 1.6181656363226777 1.7229170770996902
76 7600 -0.8559612256901232 -0.17002777549156534 0.13415799962968483 0.9400834632010429 0.1346985625306723 0.2785035740620923 0.38375990045854863 0.5025807115719467 0.6548973452559135 0.8093416538728123 1.0805796925929418 1.2907179494158674 1.6181656363226777 1.7229170770996902
77 7700 -0.8559612256901232 -0.17002777549156534 0.13415799962968483 0.9400834632010429 0.1346985625306723 0.2785035740620923 0.38375990045854863 0.5025807115719467 0.6548973452559135 0.8093416538728123 1.0805796925929418 1.2907179494158674 1.6181656363226777 1.7229170770996902
78 7800 -0.8559612256901232 -0.17002777549156534 0.13415799962968483 0.9400834632010429 0.1346985625306723 0.2785035740620923 0.38375990045854863 0.5025807115719467 0.6548973452559135 0.8093416538728123 1.0805796925929418 1.2907179494158674 1.6181656363226777 1.7229170770996902
79 7900 -0.8559612256901232 -0.17002777549156534 0.13415799962968483 0.9400834632010429 0.1346985625306723 0.2785035740620923 0.38375990045854863 0.5025807115719467 0.6548973452559135 0.8093416538728123 1.0805796925929418 1.2907179494158674 1.6181656363226777 1.7229170770996902
80 8000 -0.8559612256901232 -0.17002777549156534 0.13415799962968483 0.9400834632010429 0.1346985625306723 0.2785035740620923 0.38375990045854863 0.5025807115719467 0.6548973452559135 0.8093416538728123 1.0805796925929418 1.2907179494158674 1.6181656363226777 1.7229170770996902
81 8100 -0.818295912161009 -0.132523828264567 0.17397078999675053 0.9476927191189208 0.12256236868850431 0.27608457617643584 0.382140666546325 0.527200935693432 0.6527985017829318 0.7318191207333031 1.0222257388327047 1.262157395992296 1.6280173106773024 1.7985136169344
82 8200 -0.818295912161009 -0.132523828264567 0.17397078999675053 0.9476927191189208 0.12256236868850431 0.27608457617643584 0.382140666546325 0.527200935693432 0.6527985017829318 0.7318191207333031 1.0222257388327047 1.262157395992296 1.6280173106773024 1.7985136169344
83 8300 -0.818295912161009 -0.132523828264567 0.17397078999675053 0.9476927191189208 0.12256236868850431 0.27608457617643584 0.382140666546325 0.527200935693432 0.6527985017829318 0.7318191207333031 1.0222257388327047 1.262157395992296 1.6280173106773024 1.7985136169344
84 8400 -0.818295912161009 -0.132523828264567 0.17397078999675053 0.9476927191189208 0.12256236868850431 0.27608457617643584 0.382140666546325 0.527200935693432 0.6527985017829318 0.7318191207333031 1.0222257388327047 1.262157395992296 1.6280173106773024 1.7985136169344
85 8500 -0.818295912161009 -0.132523828264567 0.17397078999675053 0.9476927191189208 0.12256236868850431 0.27608457617643584 0.382140666546325 0.527200935693432 0.6527985017829318 0.7318191207333031 1.0222257388327047 1.262157395992296 1.6280173106773024 1.7985136169344
86 8600 -0.818295912161009 -0.132523828264567 0.17397078999675053 0.9476927191189208 0.12256236868850431 0.27608457617643584 0.382140666546325 0.527200935693432 0.6527985017829318 0.7318191207333031 1.0222257388327047 1.262157395992296 1.6280173106773024 1.7985136169344
87 8700 -0.818295912161009 -0.132523828264567 0.17397078999675053 0.9476927191189208 0.12256236868850431 0.27608457617643584 0.382140666546325 0.527200935693432 0.6527985017829318 0.7318191207333031 1.0222257388327047 1.262157395992296 1.6280173106773024 1.7985136169344
88 8800 -0.818295912161009 -0.132523828264567 0.17397078999675053 0.9476927191189208 0.12256236868850431 0.27608457617643584 0.382140666546325 0.527200935693432 0.6527985017829318 0.7318191207333031 1.0222257388327047 1.262157395992296 1.6280173106773024 1.7985136169344
89 8900 -0.818295912161009 -0.132523828264567 0.17397078999675053 0.9476927191189208 0.12256236868850431 0.27608457617643584 0.382140666546325 0.527200935693432 0.6527985017829318 0.7318191207333031 1.0222257388327047 1.262157395992296 1.6280173106773024 1.7985136169344
90 9000 -0.818295912161009 -0.132523828264567 0.17397078999675053 0.9476927191189208 0.12256236868850431 0.27608457617643584 0.382140666546325 0.527200935693432 0.6527985017829318 0.7318191207333031 1.0222257388327047 1.262157395992296 1.6280173106773024 1.7985136169344
91 9100 -0.8718415292981796 -0.1666131021450874 0.2604681795360879 0.9487467706012562 0.11116456680834756 0.2305165366800548 0.36413370643351545 0.5047545025650795 0.6142266655882607 0.7775101378350919 0.9019689762824806 1.1568374673385495 1.608584079229991 1.9560097111875658
92 9200 -0.8718415292981796 -0.1666131021450874 0.2604681795360879 0.9487467706012562 0.11116456680834756 0.2305165366800548 0.36413370643351545 0.5047545025650795 0.6142266655882607 0.7775101378350919 0.9019689762824806 1.1568374673385495 1.608584079229991 1.9560097111875658
93 9300 -0.8718415292981796 -0.1666131021450874 0.2604681795360879 0.9487467706012562 0.11116456680834756 0.2305165366800548 0.36413370643351545 0.5047545025650795 0.6142266655882607 0.7775101378350919 0.9019689762824806 1.1568374673385495 1.608584079229991 1.9560097111875658
94 9400 -0.8718415292981796 -0.1666131021450874 0.2604681795360879 0.9487467706012562 0.11116456680834756 0.2305165366800548 0.36413370643351545 0.5047545025650795 0.6142266655882607 0.7775101378350919 0.9019689762824806 1.1568374673385495 1.608584079229991 1.9560097111875658
95 9500 -0.8718415292981796 -0.1666131021450874 0.2604681795360879 0.9487467706012562 0.11116456680834756 0.2305165366800548 0.36413370643351545 0.5047545025650795 0.6142266655882607 0.7775101378350919 0.9019689762824806 1.1568374673385495 1.608584079229991 1.9560097111875658
96 9600 -0.8718415292981796 -0.1666131021450874 0.2604681795360879 0.9487467706012562 0.11116456680834756 0.2305165366800548 0.36413370643351545 0.5047545025650795 0.6142266655882607 0.7775101378350919 0.9019689762824806 1.1568374673385495 1.608584079229991 1.9560097111875658
97 9700 -0.8718415292981796 -0.1666131021450874 0.2604681795360879 0.9487467706012562 0.11116456680834756 0.2305165366800548 0.36413370643351545 0.5047545025650795 0.6142266655882607 0.7775101378350919 0.9019689762824806 1.1568374673385495 1.608584079229991 1.9560097111875658
98 9800 -0.8718415292981796 -0.1666131021450874 0.2604681795360879 0.9487467706012562 0.11116456680834756 0.2305165366800548 0.36413370643351545 0.5047545025650795 0.6142266655882607 0.7775101378350919 0.9019689762824806 1.1568374673385495 1.608584079229991 1.9560097111875658
99 9900 -0.8718415292981796 -0.1666131021450874 0.2604681795360879 0.9487467706012562 0.11116456680834756 0.2305165366800548 0.36413370643351545 0.5047545025650795 0.6142266655882607 0.7775101378350919 0.9019689762824806 1.1568374673385495 1.608584079229991 1.9560097111875658
100 10000 -0.8718415292981796 -0.1666131021450874 0.2604681795360879 0.9487467706012562 0.11116456680834756 0.2305165366800548 0.36413370643351545 0.5047545025650795 0.6142266655882607 0.7775101378350919 0.9019689762824806 1.1568374673385495 1.608584079229991 1.9560097111875658
101 10100 -0.8870533396426472 -0.09304826190513221 0.3173322410331006 0.9578735507700558 0.09202349921667596 0.20821570892926802 0.36395002577438157 0.43320356104301566 0.5057177752174049 0.7365144414955181 0.9470846000519152 1.0619214802807453 1.6757365764133239 1.9992772227524092
102 10200 -0.8870533396426472 -0.09304826190513221 0.3173322410331006 0.9578735507700558 0.09202349921667596 0.20821570892926802 0.36395002577438157 0.43320356104301566 0.5057177752174049 0.7365144414955181 0.9470846000519152 1.0619214802807453 1.6757365764133239 1.9992772227524092
103 10300 -0.8870533396426472 -0.09304826190513221 0.3173322410331006 0.9578735507700558 0.09202349921667596 0.20821570892926802 0.36395002577438157 0.43320356104301566 0.5057177752174049 0.7365144414955181 0.9470846000519152 1.0619214802807453 1.6757365764133239 1.9992772227524092
104 10400 -0.8870533396426472 -0.09304826190513221 0.3173322410331006 0.9578735507700558 0.09202349921667596 0.20821570892926802 0.36395002577438157 0.43320356104301566 0.5057177752174049 0.7365144414955181 0.9470846000519152 1.0619214802807453 1.6757365764133239 1.9992772227524092
105 10500 -0.8870533396426472 -0.09304826190513221 0.3173322410331006 0.9578735507700558 0.09202349921667596 0.20821570892926802 0.36395002577438157 0.43320356104301566 0.5057177752174049 0.7365144414955181 0.9470846000519152 1.0619214802807453 1.6757365764133239 1.9992772227524092
106 10600 -0.8870533396426472 -0.09304826190513221 0.3173322410331006 0.9578735507700558 0.09202349921667596 0.20821570892926802 0.36395002577438157 0.43320356104301566 0.5057177752174049 0.7365144414955181 0.9470846000519152 1.0619214802807453 1.6757365764133239 1.9992772227524092
107 10700 -0.8870533396426472 -0.09304826190513221 0.3173322410331006 0.9578735507700558 0.09202349921667596 0.20821570892926802 0.36395002577438157 0.43320356104301566 0.5057177752174049 0.7365144414955181 0.9470846000519152 1.0619214802807453 1.6757365764133239 1.9992772227524092
108 10800 -0.8870533396426472 -0.09304826190513221 0.3173322410331006 0.9578735507700558 0.09202349921667596 0.20821570892926802 0.36395002577438157 0.43320356104301566 0.5057177752174049 0.7365144414955181 0.9470846000519152 1.0619214802807453 1.6757365764133239 1.9992772227524092
109 10900 -0.8870533396426472 -0.09304826190513221 0.3173322410331006 0.9578735507700558 0.09202349921667596 0.20821570892926802 0.36395002577438157 0.43320356104301566 0.5057177752174049 0.7365144414955181 0.9470846000519152 1.0619214802807453 1.6757365764133239 1.9992772227524092
110 11000 -0.8870533396426472 -0.09304826190513221 0.3173322410331006 0.9578735507700558 0.09202349921667596 0.20821570892926802 0.36395002577438157 0.43320356104301566 0.5057177752174049 0.7365144414955181 0.9470846000519152 1.0619214802807453 1.6757365764133239 1.9992772227524092
111 11100 -0.9311859698670547 -0.20301451751149918 0.2575855775422555 0.9184720468319216 0.09492351918827975 0.19767821001988106 0.3067645894692272 0.3569456801187368 0.5686482942555761 0.775403084208318 0.846536730369646 1.278157279802408 1.6145863161181906 1.9617818057439815
112 11200 -0.9311859698670547 -0.20301451751149918 0.2575855775422555 0.9184720468319216 0.09492351918827975 0.19767821001988106 0.3067645894692272 0.3569456801187368 0.5686482942555761 0.775403084208318 0.846536730369646 1.278157279802408 1.6145863161181906 1.9617818057439815
113 11300 -0.9311859698670547 -0.20301451751149918 0.2575855775422555 0.9184720468319216 0.09492351918827975 0.19767821001988106 0.3067645894692272 0.3569456801187368 0.5686482942555761 0.775403084208318 0.846536730369646 1.278157279802408 1.6145863161181906 1.9617818057439815
114 11400 -0.9311859698670547 -0.20301451751149918 0.2575855775422555 0.9184720468319216 0.09492351918827975 0.19767821001988106 0.3067645894692272 0.3569456801187368 0.5686482942555761 0.775403084208318 0.846536730369646 1.278157279802408 1.6145863161181906 1.9617818057439815
115 11500 -0.9311859698670547 -0.20301451751149918 0.2575855775422555 0.9184720468319216 0.09492351918827975 0.19767821001988106 0.3067645894692272 0.3569456801187368 0.5686482942555761 0.775403084208318 0.846536730369646 1.278157279802408 1.6145863161181906 1.9617818057439815
116 11600 -0.9311859698670547 -0.20301451751149918 0.2575855775422555 0.9184720468319216 0.09492351918827975 0.19767821001988106 0.3067645894692272 0.3569456801187368 0.5686482942555761 0.775403084208318 0.846536730369646 1.278157279802408 1.6145863161181906 1.9617818057439815
117 11700 -0.9311859698670547 -0.20301451751149918 0.2575855775422555 0.9184720468319216 0.09492351918827975 0.19767821001988106 0.3067645894692272 0.3569456801187368 0.5686482942555761 0.775403084208318 0.846536730369646 1.278157279802408 1.6145863161181906 1.9617818057439815
118 11800 -0.9311859698670547 -0.20301451751149918 0.2575855775422555 0.9184720468319216 0.09492351918827975 0.19767821001988106 0.3067645894692272 0.3569456801187368 0.5686482942555761 0.775403084208318 0.846536730369646 1.278157279802408 1.6145863161181906 1.9617818057439815
119 11900 -0.9311859698670547 -0.20301451751149918 0.2575855775422555 0.9184720468319216 0.09492351918827975 0.19767821001988106 0.3067645894692272 0.3569456801187368 0.5686482942555761 0.775403084208318 0.846536730369646 1.278157279802408 1.6145863161181906 1.9617818057439815
120 12000 -0.9311859698670547 -0.20301451751149918 0.2575855775422555 0.9184720468319216 0.09492351918827975 0.19767821001988106 0.3067645894692272 0.3569456801187368 0.5686482942555761 0.775403084208318 0.846536730369646 1.278157279802408 1.6145863161181906 1.9617818057439815
121 12100 -0.9295992738110512 -0.2130053981465322 0.2827577836003154 0.9115427053497521 0.07607018344181063 0.14312202301966925 0.30825685369016226 0.33068807966514646 0.4706515515028316 0.6901259273853908 0.9966679661582921 1.4070012499026667 1.4606708827604022 1.991232498107369
122 12200 -0.9295992738110512 -0.2130053981465322 0.2827577836003154 0.9115427053497521 0.07607018344181063 0.14312202301966925 0.30825685369016226 0.33068807966514646 0.4706515515028316 0.6901259273853908 0.9966679661582921 1.4070012499026667 1.4606708827604022 1.991232498107369
123 12300 -0.9295992738110512 -0.2130053981465322 0.2827577836003154 0.9115427053497521 0.07607018344181063 0.14312202301966925 0.30825685369016226 0.33068807966514646 0.4706515515028316 0.6901259273853908 0.9966679661582921 1.4070012499026667 1.4606708827604022 1.991232498107369
124 12400 -0.9295992738110512 -0.2130053981465322 0.2827577836003154 0.9115427053497521 0.07607018344181063 0.14312202301966925 0.30825685369016226 0.33068807966514646 0.4706515515028316 0.6901259273853908 0.9966679661582921 1.4070012499026667 1.4606708827604022 1.991232498107369
125 12500 -0.9295992738110512 -0.2130053981465322 0.2827577836003154 0.9115427053497521 0.07607018344181063 0.14312202301966925 0.30825685369016226 0.33068807966514646 0.4706515515028316 0.6901259273853908 0.9966679661582921 1.4070012499026667 1.4606708827604022 1.991232498107369
126 12600 -0.9295992738110512 -0.2130053981465322 0.2827577836003154 0.9115427053497521 0.07607018344181063 0.14312202301966925 0.30825685369016226 0.33068807966514646 0.4706515515028316 0.6901259273853908 0.9966679661582921 1.4070012499026667 1.4606708827604022 1.991232498107369
127 12700 -0.9295992738110512 -0.2130053981465322 0.2827577836003154 0.9115427053497521 0.07607018344181063 0.14312202301966925 0.30825685369016226 0.33068807966514646 0.4706515515028316 0.6901259273853908 0.9966679661582921 1.4070012499026667 1.4606708827604022 1.991232498107369
128 12800 -0.9295992738110512 -0.2130053981465322 0.2827577836003154 0.9115427053497521 0.07607018344181063 0.14312202301966925 0.30825685369016226 0.33068807966514646 0.4706515515028316 0.6901259273853908 0.9966679661582921 1.4070012499026667 1.4606708827604022 1.991232498107369
129 12900 -0.9295992738110512 -0.2130053981465322 0.2827577836003154 0.9115427053497521 0.07607018344181063 0.14312202301966925 0.30825685369016226 0.33068807966514646 0.4706515515028316 0.6901259273853908 0.9966679661582921 1.4070012499026667 1.4606708827604022 1.991232498107369
130 13000 -0.9295992738110512 -0.2130053981465322 0.2827577836003154 0.9115427053497521 0.07607018344181063 0.14312202301966925 0.30825685369016226 0.33068807966514646 0.4706515515028316 0.6901259273853908 0.9966679661582921 1.4070012499026667 1.4606708827604022 1.991232498107369
131 13100 -0.9439304728351634 -0.20054148341798866 0.3012666891264126 0.9000754694183173 0.08468926431246027 0.120232209222637 0.25105633297088303 0.33374955569092396 0.4909530130846934 0.8750158720637025 1.009004303035244 1.2935934788816965 1.4526752417263755 1.998881469380555
132 13200 -0.9439304728351634 -0.20054148341798866 0.3012666891264126 0.9000754694183173 0.08468926431246027 0.120232209222637 0.25105633297088303 0.33374955569092396 0.4909530130846934 0.8750158720637025 1.009004303035244 1.2935934788816965 1.4526752417263755 1.998881469380555
133 13300 -0.9439304728351634 -0.20054148341798866 0.3012666891264126 0.9000754694183173 0.08468926431246027 0.120232209222637 0.25105633297088303 0.33374955569092396 0.4909530130846934 0.8750158720637025 1.009004303035244 1.2935934788816965 1.4526752417263755 1.998881469380555
134 13400 -0.9439304728351634 -0.20054148341798866 0.3012666891264126 0.9000754694183173 0.08468926431246027 0.120232209222637 0.25105633297088303 0.33374955569092396 0.4909530130846934 0.8750158720637025 1.009004303035244 1.2935934788816965 1.4526752417263755 1.998881469380555
135 13500 -0.9439304728351634 -0.20054148341798866 0.3012666891264126 0.9000754694183173 0.08468926431246027 0.120232209222637 0.25105633297088303 0.33374955569092396 0.4909530130846934 0.8750158720637025 1.009004303035244 1.2935934788816965 1.4526752417263755 1.998881469380555
136 13600 -0.9439304728351634 -0.20054148341798866 0.3012666891264126 0.9000754694183173 0.08468926431246027 0.120232209222637 0.25105633297088303 0.33374955569092396 0.4909530130846934 0.8750158720637025 1.009004303035244 1.2935934788816965 1.4526752417263755 1.998881469380555
137 13700 -0.9439304728351634 -0.20054148341798866 0.3012666891264126 0.9000754694183173 0.08468926431246027 0.120232209222637 0.25105633297088303 0.33374955569092396 0.4909530130846934 0.8750158720637025 1.009004303035244 1.2935934788816965 1.4526752417263755 1.998881469380555
138 13800 -0.9439304728351634 -0.20054148341798866 0.3012666891264126 0.9000754694183173 0.08468926431246027 0.120232209222637 0.25105633297088303 0.33374955569092396 0.4909530130846934 0.8750158720637025 1.009004303035244 1.2935934788816965 1.4526752417263755 1.998881469380555
139 13900 -0.9439304728351634 -0.20054148341798866 0.3012666891264126 0.9000754694183173 0.08468926431246027 0.120232209222637 0.25105633297088303 0.33374955569092396 0.4909530130846934 0.8750158720637025 1.009004303035244 1.2935934788816965 1.4526752417263755 1.998881469380555
140 14000 -0.9439304728351634 -0.20054148341798866 0.3012666891264126 0.9000754694183173 0.08468926431246027 0.120232209222637 0.25105633297088303 0.33374955569092396 0.4909530130846934 0.8750158720637025 1.009004303035244 1.2935934788816965 1.4526752417263755 1.998881469380555
141 14100 -0.9651048238140026 -0.2659611847818637 0.3698933789002701 0.9028096874961653 0.08495586451474914 0.09554933040906793 0.24233159075252483 0.29328648428536436 0.5272544215477954 0.733880825877062 0.9795222743424897 1.2685331380028926 1.429814594076064 2.099838801335155
142 14200 -0.9651048238140026 -0.2659611847818637 0.3698933789002701 0.9028096874961653 0.08495586451474914 0.09554933040906793 0.24233159075252483 0.29328648428536436 0.5272544215477954 0.733880825877062 0.9795222743424897 1.2685331380028926 1.429814594076064 2.099838801335155
143 14300 -0.9651048238140026 -0.2659611847818637 0.3698933789002701 0.9028096874961653 0.08495586451474914 0.09554933040906793 0.24233159075252483 0.29328648428536436 0.5272544215477954 0.733880825877062 0.9795222743424897 1.2685331380028926 1.429814594076064 2.099838801335155
144 14400 -0.9651048238140026 -0.2659611847818637 0.3698933789002701 0.9028096874961653 0.08495586451474914 0.09554933040906793 0.24233159075252483 0.29328648428536436 0.5272544215477954 0.733880825877062 0.9795222743424897 1.2685331380028926 1.429814594076064 2.099838801335155
145 14500 -0.9651048238140026 -0.2659611847818637 0.3698933789002701 0.9028096874961653 0.08495586451474914 0.09554933040906793 0.24233159075252483 0.29328648428536436 0.5272544215477954 0.733880825877062 0.9795222743424897 1.2685331380028926 1.429814594076064 2.099838801335155
146 14600 -0.9651048238140026 -0.2659611847818637 0.3698933789002701 0.9028096874961653 0.08495586451474914 0.09554933040906793 0.24233159075252483 0.29328648428536436 0.5272544215477954 0.733880825877062 0.9795222743424897 1.2685331380028926 1.429814594076064 2.099838801335155
147 14700 -0.9651048238140026 -0.2659611847818637 0.3698933789002701 0.9028096874961653 0.08495586451474914 0.09554933040906793 0.24233159075252483 0.29328648428536436 0.5272544215477954 0.733880825877062 0.9795222743424897 1.2685331380028926 1.429814594076064 2.099838801335155
148 14800 -0.9651048238140026 -0.2659611847818637 0.3698933789002701 0.9028096874961653 0.08495586451474914 0.09554933040906793 0.24233159075252483 0.29328648428536436 0.5272544215477954 0.733880825877062 0.9795222743424897 1.2685331380028926 1.429814594076064 2.099838801335155
149 14900 -0.9651048238140026 -0.2659611847818637 0.3698933789002701 0.9028096874961653 0.08495586451474914 0.09554933040906793 0.24233159075252483 0.29328648428536436 0.5272544215477954 0.733880825877062 0.9795222743424897 1.2685331380028926 1.429814594076064 2.099838801335155
150 15000 -0.9651048238140026 -0.2659611847818637 0.3698933789002701 0.9028096874961653 0.08495586451474914 0.09554933040906793 0.24233159075252483 0.29328648428536436 0.5272544215477954 0.733880825877062 0.9795222743424897 1.2685331380028926 1.429814594076064 2.099838801335155
151 15100 -0.9726885285375433 -0.25550665408771456 0.3105006970892774 0.8713961317335632 0.08425219898211667 0.12417849293754786 0.2650821574067968 0.28573064939214016 0.5275545417482345 0.6756272157970415 1.1161520451954077 1.1635191071432178 1.5079616339173816 2.0535979147311356
152 15200 -0.9726885285375433 -0.25550665408771456 0.3105006970892774 0.8713961317335632 0.08425219898211667 0.12417849293754786 0.2650821574067968 0.28573064939214016 0.5275545417482345 0.6756272157970415 1.1161520451954077 1.1635191071432178 1.5079616339173816 2.0535979147311356
153 15300 -0.9726885285375433 -0.25550665408771456 0.3105006970892774 0.8713961317335632 0.08425219898211667 0.12417849293754786 0.2650821574067968 0.28573064939214016 0.5275545417482345 0.6756272157970415 1.1161520451954077 1.1635191071432178 1.5079616339173816 2.0535979147311356
154 15400 -0.9726885285375433 -0.25550665408771456 0.3105006970892774 0.8713961317335632 0.08425219898211667 0.12417849293754786 0.2650821574067968 0.28573064939214016 0.5275545417482345 0.6756272157970415 1.1161520451954077 1.1635191071432178 1.5079616339173816 2.0535979147311356
155 15500 -0.9726885285375433 -0.25550665408771456 0.3105006970892774 0.8713961317335632 0.08425219898211667 0.12417849293754786 0.2650821574067968 0.28573064939214016 0.5275545417482345 0.6756272157970415 1.1161520451954077 1.1635191071432178 1.5079616339173816 2.0535979147311356
156 15600 -0.9726885285375433 -0.25550665408771456 0.3105006970892774 0.8713961317335632 0.08425219898211667 0.12417849293754786 0.2650821574067968 0.28573064939214016 0.5275545417482345 0.6756272157970415 1.1161520451954077 1.1635191071432178 1.5079616339173816 2.0535979147311356
157 15700 -0.9726885285375433 -0.25550665408771456 0.3105006970892774 0.8713961317335632 0.08425219898211667 0.12417849293754786 0.2650821574067968 0.28573064939214016 0.5275545417482345 0.6756272157970415 1.1161520451954077 1.1635191071432178 1.5079616339173816 2.0535979147311356
158 15800 -0.9726885285375433 -0.25550665408771456 0.3105006970892774 0.8713961317335632 0.08425219898211667 0.12417849293754786 0.2650821574067968 0.28573064939214016 0.5275545417482345 0.6756272157970415 1.1161520451954077 1.1635191071432178 1.5079616339173816 2.0535979147311356
159 15900 -0.9726885285375433 -0.25550665408771456 0.3105006970892774 0.8713961317335632 0.08425219898211667 0.12417849293754786 0.2650821574067968 0.28573064939214016 0.5275545417482345 0.6756272157970415 1.1161520451954077 1.1635191071432178 1.5079616339173816 2.0535979147311356
160 16000 -0.9726885285375433 -0.25550665408771456 0.3105006970892774 0.8713961317335632 0.08425219898211667 0.12417849293754786 0.2650821574067968 0.28573064939214016 0.5275545417482345 0.6756272157970415 1.1161520451954077 1.1635191071432178 1.5079616339173816 2.0535979147311356
161 16100 -0.9611924563076211 -0.36112536667702305 0.4113733113969153 0.9144347591000987 0.0673311302437628 0.11496232479531117 0.1932072998020965 0.22913277888921604 0.5289647657346827 0.6070992534108404 1.0868567457489977 1.187023558728597 1.3061697319231438 2.224339043736299
162 16200 -0.9611924563076211 -0.36112536667702305 0.4113733113969153 0.9144347591000987 0.0673311302437628 0.11496232479531117 0.1932072998020965 0.22913277888921604 0.5289647657346827 0.6070992534108404 1.0868567457489977 1.187023558728597 1.3061697319231438 2.224339043736299
163 16300 -0.9611924563076211 -0.36112536667702305 0.4113733113969153 0.9144347591000987 0.0673311302437628 0.11496232479531117 0.1932072998020965 0.22913277888921604 0.5289647657346827 0.6070992534108404 1.0868567457489977 1.187023558728597 1.3061697319231438 2.224339043736299
164 16400 -0.9611924563076211 -0.36112536667702305 0.4113733113969153 0.9144347591000987 0.0673311302437628 0.11496232479531117 0.1932072998020965 0.22913277888921604 0.5289647657346827 0.6070992534108404 1.0868567457489977 1.187023558728597 1.3061697319231438 2.224339043736299
165 16500 -0.9611924563076211 -0.36112536667702305 0.4113733113969153 0.9144347591000987 0.0673311302437628 0.11496232479531117 0.1932072998020965 0.22913277888921604 0.5289647657346827 0.6070992534108404 1.0868567457489977 1.187023558728597 1.3061697319231438 2.224339043736299
166 16600 -0.9611924563076211 -0.36112536667702305 0.4113733113969153 0.9144347591000987 0.0673311302437628 0.11496232479531117 0.1932072998020965 0.22913277888921604 0.5289647657346827 0.6070992534108404 1.0868567457489977 1.187023558728597 1.3061697319231438 2.224339043736299
167 16700 -0.9611924563076211 -0.36112536667702305 0.4113733113969153 0.9144347591000987 0.0673311302437628 0.11496232479531117 0.1932072998020965 0.22913277888921604 0.5289647657346827 0.6070992534108404 1.0868567457489977 1.187023558728597 1.3061697319231438 2.224339043736299
168 16800 -0.9611924563076211 -0.36112536667702305 0.4113733113969153 0.9144347591000987 0.0673311302437628 0.11496232479531117 0.1932072998020965 0.22913277888921604 0.5289647657346827 0.6070992534108404 1.0868567457489977 1.187023558728597 1.3061697319231438 2.224339043736299
169 16900 -0.9611924563076211 -0.36112536667702305 0.4113733113969153 0.9144347591000987 0.0673311302437628 0.11496232479531117 0.1932072998020965 0.22913277888921604 0.5289647657346827 0.6070992534108404 1.0868567457489977 1.187023558728597 1.3061697319231438 2.224339043736299
170 17000 -0.9611924563076211 -0.36112536667702305 0.4113733113969153 0.9144347591000987 0.0673311302437628 0.11496232479531117 0.1932072998020965 0.22913277888921604 0.5289647657346827 0.6070992534108404 1.0868567457489977 1.187023558728597 1.3061697319231438 2.224339043736299
171 17100 -0.9744432546567645 -0.3213344086456358 0.49346496937266615 0.9052984271719189 0.04622562307813634 0.11763034142520581 0.16790893169151871 0.20641344055016772 0.606903521805229 0.6397570244709816 0.922256297629648 1.0985353983133064 1.4479214563463578 2.2319928758876117
172 17200 -0.9744432546567645 -0.3213344086456358 0.49346496937266615 0.9052984271719189 0.04622562307813634 0.11763034142520581 0.16790893169151871 0.20641344055016772 0.606903521805229 0.6397570244709816 0.922256297629648 1.0985353983133064 1.4479214563463578 2.2319928758876117
173 17300 -0.9744432546567645 -0.3213344086456358 0.49346496937266615 0.9052984271719189 0.04622562307813634 0.11763034142520581 0.16790893169151871 0.20641344055016772 0.606903521805229 0.6397570244709816 0.922256297629648 1.0985353983133064 1.4479214563463578 2.2319928758876117
174 17400 -0.9744432546567645 -0.3213344086456358 0.49346496937266615 0.9052984271719189 0.04622562307813634 0.11763034142520581 0.16790893169151871 0.20641344055016772 0.606903521805229 0.6397570244709816 0.922256297629648 1.0985353983133064 1.4479214563463578 2.2319928758876117
175 17500 -0.9744432546567645 -0.3213344086456358 0.49346496937266615 0.9052984271719189 0.04622562307813634 0.11763034142520581 0.16790893169151871 0.20641344055016772 0.606903521805229 0.6397570244709816 0.922256297629648 1.0985353983133064 1.4479214563463578 2.2319928758876117
176 17600 -0.9744432546567645 -0.3213344086456358 0.49346496937266615 0.9052984271719189 0.04622562307813634 0.11763034142520581 0.16790893169151871 0.20641344055016772 0.606903521805229 0.6397570244709816 0.922256297629648 1.0985353983133064 1.4479214563463578 2.2319928758876117
177 17700 -0.9744432546567645 -0.3213344086456358 0.49346496937266615 0.9052984271719189 0.04622562307813634 0.11763034142520581 0.16790893169151871 0.20641344055016772 0.606903521805229 0.6397570244709816 0.922256297629648 1.0985353983133064 1.4479214563463578 2.2319928758876117
178 17800 -0.9744432546567645 -0.3213344086456358 0.49346496937266615 0.9052984271719189 0.04622562307813634 0.11763034142520581 0.16790893169151871 0.20641344055016772 0.606903521805229 0.6397570244709816 0.922256297629648 1.0985353983133064 1.4479214563463578 2.2319928758876117
179 17900 -0.9744432546567645 -0.3213344086456358 0.49346496937266615 0.9052984271719189 0.04622562307813634 0.11763034142520581 0.16790893169151871 0.20641344055016772 0.606903521805229 0.6397570244709816 0.922256297629648 1.0985353983133064 1.4479214563463578 2.2319928758876117
180 18000 -0.9744432546567645 -0.3213344086456358 0.49346496937266615 0.9052984271719189 0.04622562307813634 0.11763034142520581 0.16790893169151871 0.20641344055016772 0.606903521805229 0.6397570244709816 0.922256297629648 1.0985353983133064 1.4479214563463578 2.2319928758876117
181 18100 -0.976049668854119 -0.3377834709888078 0.50231589922534 0.9152959074973857 0.030721359368952542 0.10558096944135853 0.13811589321240125 0.28060431896619137 0.5110312788393226 0.6569024464426938 0.8427620045263986 1.0406265433883501 1.5954035626039178 2.2043040521780215
182 18200 -0.976049668854119 -0.3377834709888078 0.50231589922534 0.9152959074973857 0.030721359368952542 0.10558096944135853 0.13811589321240125 0.28060431896619137 0.5110312788393226 0.6569024464426938 0.8427620045263986 1.0406265433883501 1.5954035626039178 2.2043040521780215
183 18300 -0.976049668854119 -0.3377834709888078 0.50231589922534 0.9152959074973857 0.030721359368952542 0.10558096944135853 0.13811589321240125 0.28060431896619137 0.5110312788393226 0.6569024464426938 0.8427620045263986 1.0406265433883501 1.5954035626039178 2.2043040521780215
184 18400 -0.976049668854119 -0.3377834709888078 0.50231589922534 0.9152959074973857 0.030721359368952542 0.10558096944135853 0.13811589321240125 0.28060431896619137 0.5110312788393226 0.6569024464426938 0.8427620045263986 1.0406265433883501 1.5954035626039178 2.2043040521780215
185 18500 -0.976049668854119 -0.3377834709888078 0.50231589922534 0.9152959074973857 0.030721359368952542 0.10558096944135853 0.13811589321240125 0.28060431896619137 0.5110312788393226 0.6569024464426938 0.8427620045263986 1.0406265433883501 1.5954035626039178 2.2043040521780215
186 18600 -0.976049668854119 -0.3377834709888078 0.50231589922534 0.9152959074973857 0.030721359368952542 0.10558096944135853 0.13811589321240125 0.28060431896619137 0.5110312788393226 0.6569024464426938 0.8427620045263986 1.0406265433883501 1.5954035626039178 2.2043040521780215
187 18700 -0.976049668854119 -0.3377834709888078 0.50231589922534 0.9152959074973857 0.030721359368952542 0.10558096944135853 0.13811589321240125 0.28060431896619137 0.5110312788393226 0.6569024464426938 0.8427620045263986 1.0406265433883501 1.5954035626039178 2.2043040521780215
188 18800 -0.976049668854119 -0.3377834709888078 0.50231589922534 0.9152959074973857 0.030721359368952542 0.10558096944135853 0.13811589321240125 0.28060431896619137 0.5110312788393226 0.6569024464426938 0.8427620045263986 1.0406265433883501 1.5954035626039178 2.2043040521780215
189 18900 -0.976049668854119 -0.3377834709888078 0.50231589922534 0.9152959074973857 0.030721359368952542 0.10558096944135853 0.13811589321240125 0.28060431896619137 0.5110312788393226 0.6569024464426938 0.8427620045263986 1.0406265433883501 1.5954035626039178 2.2043040521780215
190 19000 -0.976049668854119 -0.3377834709888078 0.50231589922534 0.9152959074973857 0.030721359368952542 0.10558096944135853 0.13811589321240125 0.28060431896619137 0.5110312788393226 0.6569024464426938 0.8427620045263986 1.0406265433883501 1.5954035626039178 2.2043040521780215
191 19100 -0.9776012393805612 -0.42720794092411274 0.6382524186505567 0.9488337887310048 0.02871126895499216 0.08649481706398511 0.11593073956336598 0.25156407085557947 0.405759389040016 0.4602023669803412 0.6787704498330985 1.0108253191955618 1.5656631110251638 2.3674342365624548
192 19200 -0.9776012393805612 -0.42720794092411274 0.6382524186505567 0.9488337887310048 0.02871126895499216 0.08649481706398511 0.11593073956336598 0.25156407085557947 0.405759389040016 0.4602023669803412 0.6787704498330985 1.0108253191955618 1.5656631110251638 2.3674342365624548
193 19300 -0.9776012393805612 -0.42720794092411274 0.6382524186505567 0.9488337887310048 0.02871126895499216 0.08649481706398511 0.11593073956336598 0.25156407085557947 0.405759389040016 0.4602023669803412 0.6787704498330985 1.0108253191955618 1.5656631110251638 2.3674342365624548
194 19400 -0.9776012393805612 -0.42720794092411274 0.6382524186505567 0.9488337887310048 0.02871126895499216 0.08649481706398511 0.11593073956336598 0.25156407085557947 0.405759389040016 0.4602023669803412 0.6787704498330985 1.0108253191955618 1.5656631110251638 2.3674342365624548
195 19500 -0.9776012393805612 -0.42720794092411274 0.6382524186505567 0.9488337887310048 0.02871126895499216 0.08649481706398511 0.11593073956336598 0.25156407085557947 0.405759389040016 0.4602023669803412 0.6787704498330985 1.0108253191955618 1.5656631110251638 2.3674342365624548
196 19600 -0.9776012393805612 -0.42720794092411274 0.6382524186505567 0.9488337887310048 0.02871126895499216 0.08649481706398511 0.11593073956336598 0.25156407085557947 0.405759389040016 0.4602023669803412 0.6787704498330985 1.0108253191955618 1.5656631110251638 2.3674342365624548
197 19700 -0.9776012393805612 -0.42720794092411274 0.6382524186505567 0.9488337887310048 0.02871126895499216 0.08649481706398511 0.11593073956336598 0.25156407085557947 0.405759389040016 0.4602023669803412 0.6787704498330985 1.0108253191955618 1.5656631110251638 2.3674342365624548
198 19800 -0.9776012393805612 -0.42720794092411274 0.6382524186505567 0.9488337887310048 0.02871126895499216 0.08649481706398511 0.11593073956336598 0.25156407085557947 0.405759389040016 0.4602023669803412 0.6787704498330985 1.0108253191955618 1.5656631110251638 2.3674342365624548
199 19900 -0.9776012393805612 -0.42720794092411274 0.6382524186505567 0.9488337887310048 0.02871126895499216 0.08649481706398511 0.11593073956336598 0.25156407085557947 0.405759389040016 0.4602023669803412 0.6787704498330985 1.0108253191955618 1.5656631110251638 2.3674342365624548
200 20000 -0.9776012393805612 -0.42720794092411274 0.6382524186505567 0.9488337887310048 0.02871126895499216 0.08649481706398511 0.11593073956336598 0.25156407085557947 0.405759389040016 0.4602023669803412 0.6787704498330985 1.0108253191955618 1.5656631110251638 2.3674342365624548
201 20100 -0.9839481825314694 -0.5574462330084164 0.641189501592017 0.9396223127131932 0.020531611240777018 0.07310670049951344 0.08890513049666122 0.23468398451941866 0.32711127441006527 0.4884307251552356 0.5954124258075747 1.0073049530198537 1.4804613309358938 2.454534952238545
201 20100 -0.9839481825314694 -0.5574462330084164 0.641189501592017 0.9396223127131932 0.020531611240777018 0.07310670049951344 0.08890513049666122 0.23468398451941866 0.32711127441006527 0.4884307251552356 0.5954124258075747 1.0073049530198537 1.4804613309358938 2.454534952238545
