% # columns="iteration, evaluation, min max(neg(.)) min(pos(.)) max correlation, correlation matrix principal axes lengths  (sorted square roots of eigenvalues of correlation matrix)", seed=42, Tue Oct  7 17:01:39 2025
1 100 -0.10315126242105463 -0.036309085009353995 0.055549648229451146 0.15262591730247166 0.8888255362193377 0.8970256431993602 0.9105622020085158 0.9638153243409057 0.9741827111048225 0.9901609333867525 1.0135094030619538 1.0444485180651766 1.102621209093989 1.1764235980708326
2 200 -0.1548818507844865 -0.039051886740216576 0.06171256287039204 0.15086363634921765 0.8888255362193377 0.8970256431993602 0.9105622020085158 0.9638153243409057 0.9741827111048225 0.9901609333867525 1.0135094030619538 1.0444485180651766 1.102621209093989 1.1764235980708326
3 300 -0.19834031018491727 -0.06117046886086101 0.08231900808429093 0.24255221003633257 0.8888255362193377 0.8970256431993602 0.9105622020085158 0.9638153243409057 0.9741827111048225 0.9901609333867525 1.0135094030619538 1.0444485180651766 1.102621209093989 1.1764235980708326
4 400 -0.2966059269368949 -0.0824813860921891 0.07565657317815698 0.3141879938575557 0.8888255362193377 0.8970256431993602 0.9105622020085158 0.9638153243409057 0.9741827111048225 0.9901609333867525 1.0135094030619538 1.0444485180651766 1.102621209093989 1.1764235980708326
5 500 -0.2890164533211517 -0.05964383052727756 0.09571354970232712 0.34370978905258076 0.8888255362193377 0.8970256431993602 0.9105622020085158 0.9638153243409057 0.9741827111048225 0.9901609333867525 1.0135094030619538 1.0444485180651766 1.102621209093989 1.1764235980708326
6 600 -0.24719477366736042 -0.07223549121800457 0.11531617990815367 0.35385673274048945 0.8888255362193377 0.8970256431993602 0.9105622020085158 0.9638153243409057 0.9741827111048225 0.9901609333867525 1.0135094030619538 1.0444485180651766 1.102621209093989 1.1764235980708326
7 700 -0.28409946252988216 -0.08695679403153808 0.09058722025856532 0.38329625154966035 0.8888255362193377 0.8970256431993602 0.9105622020085158 0.9638153243409057 0.9741827111048225 0.9901609333867525 1.0135094030619538 1.0444485180651766 1.102621209093989 1.1764235980708326
8 800 -0.36933772598323983 -0.09488717479186132 0.09921291492115994 0.37925657548451935 0.8888255362193377 0.8970256431993602 0.9105622020085158 0.9638153243409057 0.9741827111048225 0.9901609333867525 1.0135094030619538 1.0444485180651766 1.102621209093989 1.1764235980708326
9 900 -0.38970254959761313 -0.09769731186472519 0.10897154163442335 0.3342822402642093 0.8888255362193377 0.8970256431993602 0.9105622020085158 0.9638153243409057 0.9741827111048225 0.9901609333867525 1.0135094030619538 1.0444485180651766 1.102621209093989 1.1764235980708326
10 1000 -0.4586087257297995 -0.10004617789689371 0.14296006249629187 0.29812273650397436 0.8888255362193377 0.8970256431993602 0.9105622020085158 0.9638153243409057 0.9741827111048225 0.9901609333867525 1.0135094030619538 1.0444485180651766 1.102621209093989 1.1764235980708326
11 1100 -0.46786051948130974 -0.11355421694220892 0.11145774103737476 0.3055166622335084 0.5646198721356396 0.5807594516170806 0.7465507650038552 0.8434243585353093 0.9172971476802392 0.9811735189140147 1.1284330054566605 1.1723888323037044 1.2758432563450808 1.412604685682586
12 1200 -0.5682824863118205 -0.13083619351657705 0.1351121947238319 0.32437524296560755 0.5646198721356396 0.5807594516170806 0.7465507650038552 0.8434243585353093 0.9172971476802392 0.9811735189140147 1.1284330054566605 1.1723888323037044 1.2758432563450808 1.412604685682586
13 1300 -0.5966966985392553 -0.1565390640692357 0.16237548834716545 0.40403139397790044 0.5646198721356396 0.5807594516170806 0.7465507650038552 0.8434243585353093 0.9172971476802392 0.9811735189140147 1.1284330054566605 1.1723888323037044 1.2758432563450808 1.412604685682586
14 1400 -0.5855302316881204 -0.18403367983850422 0.16694275032154898 0.4738461247028629 0.5646198721356396 0.5807594516170806 0.7465507650038552 0.8434243585353093 0.9172971476802392 0.9811735189140147 1.1284330054566605 1.1723888323037044 1.2758432563450808 1.412604685682586
15 1500 -0.5829779741054032 -0.18266137976334418 0.17370641630786054 0.49594465296662116 0.5646198721356396 0.5807594516170806 0.7465507650038552 0.8434243585353093 0.9172971476802392 0.9811735189140147 1.1284330054566605 1.1723888323037044 1.2758432563450808 1.412604685682586
16 1600 -0.6439907841039896 -0.20926298783722397 0.20236811848793707 0.5230259718046584 0.5646198721356396 0.5807594516170806 0.7465507650038552 0.8434243585353093 0.9172971476802392 0.9811735189140147 1.1284330054566605 1.1723888323037044 1.2758432563450808 1.412604685682586
17 1700 -0.6407429013673732 -0.21529253084787864 0.20132249543588898 0.46833784181128557 0.5646198721356396 0.5807594516170806 0.7465507650038552 0.8434243585353093 0.9172971476802392 0.9811735189140147 1.1284330054566605 1.1723888323037044 1.2758432563450808 1.412604685682586
18 1800 -0.6508068281105956 -0.23411873416515416 0.20733353973836524 0.45088190519183047 0.5646198721356396 0.5807594516170806 0.7465507650038552 0.8434243585353093 0.9172971476802392 0.9811735189140147 1.1284330054566605 1.1723888323037044 1.2758432563450808 1.412604685682586
19 1900 -0.6090158214093022 -0.24364991698981023 0.19780276270453806 0.4586646889690154 0.5646198721356396 0.5807594516170806 0.7465507650038552 0.8434243585353093 0.9172971476802392 0.9811735189140147 1.1284330054566605 1.1723888323037044 1.2758432563450808 1.412604685682586
20 2000 -0.6239081542716864 -0.24570742110525112 0.2521061418394137 0.49493749371335427 0.5646198721356396 0.5807594516170806 0.7465507650038552 0.8434243585353093 0.9172971476802392 0.9811735189140147 1.1284330054566605 1.1723888323037044 1.2758432563450808 1.412604685682586
21 2100 -0.581991658664313 -0.2603806634656149 0.23776202839949692 0.5624473214194209 0.4374729561169013 0.5367307791979811 0.594425520958156 0.6181534894515451 0.7169115590952535 0.8416595828933374 0.9320767278132391 1.1057364121566182 1.4698650069801886 1.8195619888739443
22 2200 -0.5982251753294553 -0.2575581780825991 0.2602665700810266 0.581174780651817 0.4374729561169013 0.5367307791979811 0.594425520958156 0.6181534894515451 0.7169115590952535 0.8416595828933374 0.9320767278132391 1.1057364121566182 1.4698650069801886 1.8195619888739443
23 2300 -0.6156308970582128 -0.25281185602425144 0.25198131957267855 0.593974691315351 0.4374729561169013 0.5367307791979811 0.594425520958156 0.6181534894515451 0.7169115590952535 0.8416595828933374 0.9320767278132391 1.1057364121566182 1.4698650069801886 1.8195619888739443
24 2400 -0.6286211144827953 -0.19867325154598534 0.24857250372328604 0.6461616801072145 0.4374729561169013 0.5367307791979811 0.594425520958156 0.6181534894515451 0.7169115590952535 0.8416595828933374 0.9320767278132391 1.1057364121566182 1.4698650069801886 1.8195619888739443
25 2500 -0.5823402507740343 -0.2433775740111562 0.21930400503776204 0.6507932521451584 0.4374729561169013 0.5367307791979811 0.594425520958156 0.6181534894515451 0.7169115590952535 0.8416595828933374 0.9320767278132391 1.1057364121566182 1.4698650069801886 1.8195619888739443
26 2600 -0.5421682725858482 -0.2127734898080433 0.17246976567582833 0.6570377345019328 0.4374729561169013 0.5367307791979811 0.594425520958156 0.6181534894515451 0.7169115590952535 0.8416595828933374 0.9320767278132391 1.1057364121566182 1.4698650069801886 1.8195619888739443
27 2700 -0.546378126306791 -0.23282331423594743 0.1721356535819415 0.6694503462694547 0.4374729561169013 0.5367307791979811 0.594425520958156 0.6181534894515451 0.7169115590952535 0.8416595828933374 0.9320767278132391 1.1057364121566182 1.4698650069801886 1.8195619888739443
28 2800 -0.6163672235223753 -0.21712106790570043 0.163934145143482 0.7140933873630704 0.4374729561169013 0.5367307791979811 0.594425520958156 0.6181534894515451 0.7169115590952535 0.8416595828933374 0.9320767278132391 1.1057364121566182 1.4698650069801886 1.8195619888739443
29 2900 -0.640070393563871 -0.20977496877935733 0.14180757225547402 0.6802113352743173 0.4374729561169013 0.5367307791979811 0.594425520958156 0.6181534894515451 0.7169115590952535 0.8416595828933374 0.9320767278132391 1.1057364121566182 1.4698650069801886 1.8195619888739443
30 3000 -0.6208204500273472 -0.2097440863564314 0.10474995058171008 0.7093639174191455 0.4374729561169013 0.5367307791979811 0.594425520958156 0.6181534894515451 0.7169115590952535 0.8416595828933374 0.9320767278132391 1.1057364121566182 1.4698650069801886 1.8195619888739443
31 3100 -0.6522742430707982 -0.2134251162636877 0.10326995422187428 0.5965504915490336 0.3554335784139019 0.5470084601977085 0.5554301973672555 0.7508292002144091 0.8959365620255842 0.960533434729269 1.0439532254531219 1.2847855278171034 1.333410735202577 1.5679216635990538
32 3200 -0.5695516734111643 -0.1693865190407955 0.09888753312926413 0.595192007693224 0.3554335784139019 0.5470084601977085 0.5554301973672555 0.7508292002144091 0.8959365620255842 0.960533434729269 1.0439532254531219 1.2847855278171034 1.333410735202577 1.5679216635990538
33 3300 -0.6069453526202869 -0.1683338582188538 0.08359983985132752 0.6061657350185603 0.3554335784139019 0.5470084601977085 0.5554301973672555 0.7508292002144091 0.8959365620255842 0.960533434729269 1.0439532254531219 1.2847855278171034 1.333410735202577 1.5679216635990538
34 3400 -0.6149224608360708 -0.16923749711686611 0.09600534177917776 0.6221601184468466 0.3554335784139019 0.5470084601977085 0.5554301973672555 0.7508292002144091 0.8959365620255842 0.960533434729269 1.0439532254531219 1.2847855278171034 1.333410735202577 1.5679216635990538
35 3500 -0.5854269006844508 -0.19569774070319199 0.0922171159423344 0.552682448128091 0.3554335784139019 0.5470084601977085 0.5554301973672555 0.7508292002144091 0.8959365620255842 0.960533434729269 1.0439532254531219 1.2847855278171034 1.333410735202577 1.5679216635990538
36 3600 -0.6326112906416677 -0.26955310000723387 0.09605502457896066 0.5414371995084805 0.3554335784139019 0.5470084601977085 0.5554301973672555 0.7508292002144091 0.8959365620255842 0.960533434729269 1.0439532254531219 1.2847855278171034 1.333410735202577 1.5679216635990538
37 3700 -0.7206487971672326 -0.24452438631289233 0.1568801453749523 0.5628874720921436 0.3554335784139019 0.5470084601977085 0.5554301973672555 0.7508292002144091 0.8959365620255842 0.960533434729269 1.0439532254531219 1.2847855278171034 1.333410735202577 1.5679216635990538
38 3800 -0.7783368504092956 -0.25140403371342146 0.16061697691482965 0.5761215440032015 0.3554335784139019 0.5470084601977085 0.5554301973672555 0.7508292002144091 0.8959365620255842 0.960533434729269 1.0439532254531219 1.2847855278171034 1.333410735202577 1.5679216635990538
39 3900 -0.791459653081245 -0.20268354366130434 0.1880971424528739 0.6025143156429901 0.3554335784139019 0.5470084601977085 0.5554301973672555 0.7508292002144091 0.8959365620255842 0.960533434729269 1.0439532254531219 1.2847855278171034 1.333410735202577 1.5679216635990538
40 4000 -0.8197340117744274 -0.22991106581203935 0.15525195534813907 0.5881788565422446 0.3554335784139019 0.5470084601977085 0.5554301973672555 0.7508292002144091 0.8959365620255842 0.960533434729269 1.0439532254531219 1.2847855278171034 1.333410735202577 1.5679216635990538
41 4100 -0.824641433336479 -0.302521795228146 0.1751679645019814 0.6085670787017428 0.34892591841899306 0.40945876363316897 0.42775925157987127 0.5245148166832436 0.570354650448126 0.8922587796129076 1.0765239342179405 1.195768625320212 1.312818572792481 1.9541779104548702
42 4200 -0.8360690378341847 -0.31064356765663254 0.19283298428415857 0.632781414498769 0.34892591841899306 0.40945876363316897 0.42775925157987127 0.5245148166832436 0.570354650448126 0.8922587796129076 1.0765239342179405 1.195768625320212 1.312818572792481 1.9541779104548702
43 4300 -0.7856723955798692 -0.33669380874614796 0.17307041256414077 0.6838151197731916 0.34892591841899306 0.40945876363316897 0.42775925157987127 0.5245148166832436 0.570354650448126 0.8922587796129076 1.0765239342179405 1.195768625320212 1.312818572792481 1.9541779104548702
44 4400 -0.7668168881247063 -0.35515196844977737 0.19954266916342037 0.6978745754931653 0.34892591841899306 0.40945876363316897 0.42775925157987127 0.5245148166832436 0.570354650448126 0.8922587796129076 1.0765239342179405 1.195768625320212 1.312818572792481 1.9541779104548702
45 4500 -0.7522825864796547 -0.37292483008190647 0.22817536381518705 0.7138678707099636 0.34892591841899306 0.40945876363316897 0.42775925157987127 0.5245148166832436 0.570354650448126 0.8922587796129076 1.0765239342179405 1.195768625320212 1.312818572792481 1.9541779104548702
46 4600 -0.7236641802277199 -0.32205058687214877 0.24580816425034985 0.7298885532461227 0.34892591841899306 0.40945876363316897 0.42775925157987127 0.5245148166832436 0.570354650448126 0.8922587796129076 1.0765239342179405 1.195768625320212 1.312818572792481 1.9541779104548702
47 4700 -0.7536292246446828 -0.3378670405841642 0.2851874457848055 0.7419164052497991 0.34892591841899306 0.40945876363316897 0.42775925157987127 0.5245148166832436 0.570354650448126 0.8922587796129076 1.0765239342179405 1.195768625320212 1.312818572792481 1.9541779104548702
48 4800 -0.7114230587784179 -0.36294662314008236 0.27203109337205483 0.7418913205784909 0.34892591841899306 0.40945876363316897 0.42775925157987127 0.5245148166832436 0.570354650448126 0.8922587796129076 1.0765239342179405 1.195768625320212 1.312818572792481 1.9541779104548702
49 4900 -0.7307471073970491 -0.3044106542053609 0.23203915435924338 0.7359748563033573 0.34892591841899306 0.40945876363316897 0.42775925157987127 0.5245148166832436 0.570354650448126 0.8922587796129076 1.0765239342179405 1.195768625320212 1.312818572792481 1.9541779104548702
50 5000 -0.7598925732253184 -0.27149703152207466 0.2028318557893931 0.7305994265158122 0.34892591841899306 0.40945876363316897 0.42775925157987127 0.5245148166832436 0.570354650448126 0.8922587796129076 1.0765239342179405 1.195768625320212 1.312818572792481 1.9541779104548702
51 5100 -0.7786944986301845 -0.3268982877174545 0.28015075224084174 0.7622351256839598 0.3403521864356252 0.3854454893611891 0.4087435159366593 0.44628884202618746 0.639519311448211 0.7263283323246728 1.0802360077295783 1.1487750024121197 1.4152251476031517 1.9857878332185102
52 5200 -0.8028093715357174 -0.28611731209734415 0.22306180696758282 0.768320466254521 0.3403521864356252 0.3854454893611891 0.4087435159366593 0.44628884202618746 0.639519311448211 0.7263283323246728 1.0802360077295783 1.1487750024121197 1.4152251476031517 1.9857878332185102
53 5300 -0.795359251692466 -0.2969215951819737 0.2257117326771196 0.7535954373504612 0.3403521864356252 0.3854454893611891 0.4087435159366593 0.44628884202618746 0.639519311448211 0.7263283323246728 1.0802360077295783 1.1487750024121197 1.4152251476031517 1.9857878332185102
54 5400 -0.8315036280760371 -0.3012529431063581 0.20515281123884127 0.7595862374111639 0.3403521864356252 0.3854454893611891 0.4087435159366593 0.44628884202618746 0.639519311448211 0.7263283323246728 1.0802360077295783 1.1487750024121197 1.4152251476031517 1.9857878332185102
55 5500 -0.8393494925038185 -0.2507474215442243 0.1781880704573463 0.7606708471166131 0.3403521864356252 0.3854454893611891 0.4087435159366593 0.44628884202618746 0.639519311448211 0.7263283323246728 1.0802360077295783 1.1487750024121197 1.4152251476031517 1.9857878332185102
56 5600 -0.8563722743986304 -0.2597513605111955 0.12264201841986377 0.7799945038043219 0.3403521864356252 0.3854454893611891 0.4087435159366593 0.44628884202618746 0.639519311448211 0.7263283323246728 1.0802360077295783 1.1487750024121197 1.4152251476031517 1.9857878332185102
57 5700 -0.8871459094933459 -0.21838820796554673 0.10031300573327644 0.7890007630789644 0.3403521864356252 0.3854454893611891 0.4087435159366593 0.44628884202618746 0.639519311448211 0.7263283323246728 1.0802360077295783 1.1487750024121197 1.4152251476031517 1.9857878332185102
58 5800 -0.8917170298243116 -0.22133239256614462 0.1279932984417154 0.7797196091112323 0.3403521864356252 0.3854454893611891 0.4087435159366593 0.44628884202618746 0.639519311448211 0.7263283323246728 1.0802360077295783 1.1487750024121197 1.4152251476031517 1.9857878332185102
59 5900 -0.8961397689007876 -0.22322438852972648 0.12779125337891037 0.7855789540484812 0.3403521864356252 0.3854454893611891 0.4087435159366593 0.44628884202618746 0.639519311448211 0.7263283323246728 1.0802360077295783 1.1487750024121197 1.4152251476031517 1.9857878332185102
60 6000 -0.9047748642313252 -0.16251191518796437 0.1363952088809521 0.7790352841217673 0.3403521864356252 0.3854454893611891 0.4087435159366593 0.44628884202618746 0.639519311448211 0.7263283323246728 1.0802360077295783 1.1487750024121197 1.4152251476031517 1.9857878332185102
61 6100 -0.9174666114662805 -0.15631637785761837 0.14202110851998498 0.7684236282014435 0.19486260927053892 0.3420808025387258 0.4538459930121302 0.5058035888758318 0.5640914989458471 0.8126122258814747 1.190768615006722 1.3853379541815092 1.5485255074599118 1.6339019536924697
62 6200 -0.9227050988760169 -0.12287819555664703 0.11059843057485726 0.8039023477000432 0.19486260927053892 0.3420808025387258 0.4538459930121302 0.5058035888758318 0.5640914989458471 0.8126122258814747 1.190768615006722 1.3853379541815092 1.5485255074599118 1.6339019536924697
63 6300 -0.9273670962045932 -0.14879886087742253 0.12290259794867633 0.7857175219493049 0.19486260927053892 0.3420808025387258 0.4538459930121302 0.5058035888758318 0.5640914989458471 0.8126122258814747 1.190768615006722 1.3853379541815092 1.5485255074599118 1.6339019536924697
64 6400 -0.9421249426094377 -0.10864438313663205 0.12606077443624208 0.8201981576455388 0.19486260927053892 0.3420808025387258 0.4538459930121302 0.5058035888758318 0.5640914989458471 0.8126122258814747 1.190768615006722 1.3853379541815092 1.5485255074599118 1.6339019536924697
65 6500 -0.9441116837430006 -0.08510780751513762 0.14229516365158726 0.8255510807642921 0.19486260927053892 0.3420808025387258 0.4538459930121302 0.5058035888758318 0.5640914989458471 0.8126122258814747 1.190768615006722 1.3853379541815092 1.5485255074599118 1.6339019536924697
66 6600 -0.9494755573739083 -0.07608189124533983 0.1903592146084689 0.8513672688082243 0.19486260927053892 0.3420808025387258 0.4538459930121302 0.5058035888758318 0.5640914989458471 0.8126122258814747 1.190768615006722 1.3853379541815092 1.5485255074599118 1.6339019536924697
67 6700 -0.9517046282321447 -0.06177584154155414 0.19497561912669847 0.8403553639865323 0.19486260927053892 0.3420808025387258 0.4538459930121302 0.5058035888758318 0.5640914989458471 0.8126122258814747 1.190768615006722 1.3853379541815092 1.5485255074599118 1.6339019536924697
68 6800 -0.9475304410339119 -0.07910074331607733 0.2085201565665069 0.8410615721594773 0.19486260927053892 0.3420808025387258 0.4538459930121302 0.5058035888758318 0.5640914989458471 0.8126122258814747 1.190768615006722 1.3853379541815092 1.5485255074599118 1.6339019536924697
69 6900 -0.9488319529248967 -0.0921955927263513 0.2123951238737212 0.839663927263337 0.19486260927053892 0.3420808025387258 0.4538459930121302 0.5058035888758318 0.5640914989458471 0.8126122258814747 1.190768615006722 1.3853379541815092 1.5485255074599118 1.6339019536924697
70 7000 -0.9488934423161379 -0.07912343988596957 0.2129924499774418 0.8375637626537791 0.19486260927053892 0.3420808025387258 0.4538459930121302 0.5058035888758318 0.5640914989458471 0.8126122258814747 1.190768615006722 1.3853379541815092 1.5485255074599118 1.6339019536924697
71 7100 -0.9455527889738049 -0.09735675694886652 0.20161509049083867 0.8203083194731458 0.1351992331416429 0.2757926698081766 0.39191142129429307 0.4892883297477148 0.592958199532894 0.9081066885551171 1.072730042898097 1.2970456353653599 1.628979843232191 1.68812093757073
72 7200 -0.9435654126102515 -0.09271273242128503 0.18231442246350238 0.8003011069616529 0.1351992331416429 0.2757926698081766 0.39191142129429307 0.4892883297477148 0.592958199532894 0.9081066885551171 1.072730042898097 1.2970456353653599 1.628979843232191 1.68812093757073
73 7300 -0.9491540439312466 -0.0929227232127568 0.19922499381929307 0.7628311629033176 0.1351992331416429 0.2757926698081766 0.39191142129429307 0.4892883297477148 0.592958199532894 0.9081066885551171 1.072730042898097 1.2970456353653599 1.628979843232191 1.68812093757073
74 7400 -0.9526687330509449 -0.08324405849412587 0.1600963891730606 0.7203756086933404 0.1351992331416429 0.2757926698081766 0.39191142129429307 0.4892883297477148 0.592958199532894 0.9081066885551171 1.072730042898097 1.2970456353653599 1.628979843232191 1.68812093757073
75 7500 -0.9504336435666518 -0.1384843584529784 0.16852354487154664 0.7069581366899512 0.1351992331416429 0.2757926698081766 0.39191142129429307 0.4892883297477148 0.592958199532894 0.9081066885551171 1.072730042898097 1.2970456353653599 1.628979843232191 1.68812093757073
76 7600 -0.9450061518196229 -0.12249217826005002 0.1887895274060375 0.6972162811940152 0.1351992331416429 0.2757926698081766 0.39191142129429307 0.4892883297477148 0.592958199532894 0.9081066885551171 1.072730042898097 1.2970456353653599 1.628979843232191 1.68812093757073
77 7700 -0.9466888203040943 -0.12323179496028662 0.1280631272451514 0.6956254913394804 0.1351992331416429 0.2757926698081766 0.39191142129429307 0.4892883297477148 0.592958199532894 0.9081066885551171 1.072730042898097 1.2970456353653599 1.628979843232191 1.68812093757073
78 7800 -0.9478888486862304 -0.11515738890500196 0.1639822301769109 0.6784413252568373 0.1351992331416429 0.2757926698081766 0.39191142129429307 0.4892883297477148 0.592958199532894 0.9081066885551171 1.072730042898097 1.2970456353653599 1.628979843232191 1.68812093757073
79 7900 -0.9467017304847358 -0.11406000204181907 0.15729334838828762 0.6940087695633201 0.1351992331416429 0.2757926698081766 0.39191142129429307 0.4892883297477148 0.592958199532894 0.9081066885551171 1.072730042898097 1.2970456353653599 1.628979843232191 1.68812093757073
80 8000 -0.9499159719109487 -0.10959535072450412 0.150681241127756 0.7254413591700792 0.1351992331416429 0.2757926698081766 0.39191142129429307 0.4892883297477148 0.592958199532894 0.9081066885551171 1.072730042898097 1.2970456353653599 1.628979843232191 1.68812093757073
81 8100 -0.9576855816211713 -0.08433845083660065 0.09625525141189187 0.7130505322127949 0.12326562893322937 0.2646398878917678 0.4210666048957668 0.4782697293541513 0.5542708905061825 0.9629370302262572 1.0667839085418769 1.3449875180457471 1.6015202794513819 1.6620414596889972
82 8200 -0.9499668112260666 -0.09525001036251785 0.1099169814430748 0.7667433316366341 0.12326562893322937 0.2646398878917678 0.4210666048957668 0.4782697293541513 0.5542708905061825 0.9629370302262572 1.0667839085418769 1.3449875180457471 1.6015202794513819 1.6620414596889972
83 8300 -0.9524062329481803 -0.12320168171744676 0.1311617254580485 0.7501262280431897 0.12326562893322937 0.2646398878917678 0.4210666048957668 0.4782697293541513 0.5542708905061825 0.9629370302262572 1.0667839085418769 1.3449875180457471 1.6015202794513819 1.6620414596889972
84 8400 -0.9557322328005604 -0.1283324299536016 0.14571487914780226 0.7883821420584832 0.12326562893322937 0.2646398878917678 0.4210666048957668 0.4782697293541513 0.5542708905061825 0.9629370302262572 1.0667839085418769 1.3449875180457471 1.6015202794513819 1.6620414596889972
85 8500 -0.9562562135753784 -0.1168835088287147 0.11762639853877455 0.7723486793011374 0.12326562893322937 0.2646398878917678 0.4210666048957668 0.4782697293541513 0.5542708905061825 0.9629370302262572 1.0667839085418769 1.3449875180457471 1.6015202794513819 1.6620414596889972
86 8600 -0.9601235645319197 -0.08154956976396052 0.13723276117874555 0.7305767187179852 0.12326562893322937 0.2646398878917678 0.4210666048957668 0.4782697293541513 0.5542708905061825 0.9629370302262572 1.0667839085418769 1.3449875180457471 1.6015202794513819 1.6620414596889972
87 8700 -0.9578037211729541 -0.13814044061653985 0.1581586038839331 0.7543234816540213 0.12326562893322937 0.2646398878917678 0.4210666048957668 0.4782697293541513 0.5542708905061825 0.9629370302262572 1.0667839085418769 1.3449875180457471 1.6015202794513819 1.6620414596889972
88 8800 -0.9579221228321945 -0.13387514270097572 0.1483368204328073 0.7423742144117035 0.12326562893322937 0.2646398878917678 0.4210666048957668 0.4782697293541513 0.5542708905061825 0.9629370302262572 1.0667839085418769 1.3449875180457471 1.6015202794513819 1.6620414596889972
89 8900 -0.9569499235317497 -0.11700195624615628 0.1089395733734975 0.7491101899130093 0.12326562893322937 0.2646398878917678 0.4210666048957668 0.4782697293541513 0.5542708905061825 0.9629370302262572 1.0667839085418769 1.3449875180457471 1.6015202794513819 1.6620414596889972
90 9000 -0.9548133518034068 -0.14329006373005476 0.11517690670196763 0.7232237560635695 0.12326562893322937 0.2646398878917678 0.4210666048957668 0.4782697293541513 0.5542708905061825 0.9629370302262572 1.0667839085418769 1.3449875180457471 1.6015202794513819 1.6620414596889972
91 9100 -0.9571936548210989 -0.1593862780131107 0.10291095389549636 0.7260298244278997 0.1116290106396471 0.21371435772266462 0.4078766175621984 0.4788315002345176 0.7044123842766201 0.8782260569644454 1.0350930537350085 1.2192476203256863 1.6358532665085481 1.7449200793031734
92 9200 -0.9530593893264643 -0.11758103709722642 0.10335466798158188 0.729732099593581 0.1116290106396471 0.21371435772266462 0.4078766175621984 0.4788315002345176 0.7044123842766201 0.8782260569644454 1.0350930537350085 1.2192476203256863 1.6358532665085481 1.7449200793031734
93 9300 -0.9578052810670967 -0.13668151888413377 0.13549343198502814 0.7162000180458896 0.1116290106396471 0.21371435772266462 0.4078766175621984 0.4788315002345176 0.7044123842766201 0.8782260569644454 1.0350930537350085 1.2192476203256863 1.6358532665085481 1.7449200793031734
94 9400 -0.9597196378594276 -0.15497804271382418 0.13256233132290107 0.708766866752803 0.1116290106396471 0.21371435772266462 0.4078766175621984 0.4788315002345176 0.7044123842766201 0.8782260569644454 1.0350930537350085 1.2192476203256863 1.6358532665085481 1.7449200793031734
95 9500 -0.9644224923555454 -0.1928152292961337 0.1394024497030274 0.7499125652056206 0.1116290106396471 0.21371435772266462 0.4078766175621984 0.4788315002345176 0.7044123842766201 0.8782260569644454 1.0350930537350085 1.2192476203256863 1.6358532665085481 1.7449200793031734
96 9600 -0.9582105280193165 -0.24653739994626286 0.18312799572364868 0.7254952478915815 0.1116290106396471 0.21371435772266462 0.4078766175621984 0.4788315002345176 0.7044123842766201 0.8782260569644454 1.0350930537350085 1.2192476203256863 1.6358532665085481 1.7449200793031734
97 9700 -0.9617054440684387 -0.303043607358626 0.21250669493694863 0.7414129401026833 0.1116290106396471 0.21371435772266462 0.4078766175621984 0.4788315002345176 0.7044123842766201 0.8782260569644454 1.0350930537350085 1.2192476203256863 1.6358532665085481 1.7449200793031734
98 9800 -0.9639568465560463 -0.29265234580459265 0.22765454182463501 0.772294901053064 0.1116290106396471 0.21371435772266462 0.4078766175621984 0.4788315002345176 0.7044123842766201 0.8782260569644454 1.0350930537350085 1.2192476203256863 1.6358532665085481 1.7449200793031734
99 9900 -0.960690494520193 -0.3041410854113331 0.24119375950718278 0.7658554111918061 0.1116290106396471 0.21371435772266462 0.4078766175621984 0.4788315002345176 0.7044123842766201 0.8782260569644454 1.0350930537350085 1.2192476203256863 1.6358532665085481 1.7449200793031734
100 10000 -0.9622515185778727 -0.3423726040746918 0.27933056151934815 0.7766065606843734 0.1116290106396471 0.21371435772266462 0.4078766175621984 0.4788315002345176 0.7044123842766201 0.8782260569644454 1.0350930537350085 1.2192476203256863 1.6358532665085481 1.7449200793031734
101 10100 -0.9600132901151824 -0.3753031939143633 0.30323964060233155 0.7941926023067906 0.093890499344843 0.18398166616944034 0.37770668503224847 0.42862586820069604 0.5700389586354965 0.8719745647352877 0.9533756707503883 1.1825728845309902 1.3864225177298388 2.0775219843493495
102 10200 -0.9636198471005045 -0.30082554153448493 0.2562561163131991 0.7683906758281364 0.093890499344843 0.18398166616944034 0.37770668503224847 0.42862586820069604 0.5700389586354965 0.8719745647352877 0.9533756707503883 1.1825728845309902 1.3864225177298388 2.0775219843493495
103 10300 -0.9662461273972638 -0.34695463368470275 0.3063081870961912 0.7738401713894449 0.093890499344843 0.18398166616944034 0.37770668503224847 0.42862586820069604 0.5700389586354965 0.8719745647352877 0.9533756707503883 1.1825728845309902 1.3864225177298388 2.0775219843493495
104 10400 -0.9707859375908034 -0.3581113104435635 0.30137408149772593 0.78784259235782 0.093890499344843 0.18398166616944034 0.37770668503224847 0.42862586820069604 0.5700389586354965 0.8719745647352877 0.9533756707503883 1.1825728845309902 1.3864225177298388 2.0775219843493495
105 10500 -0.9715833278222277 -0.3646741030287379 0.28550357408346594 0.7908952941276404 0.093890499344843 0.18398166616944034 0.37770668503224847 0.42862586820069604 0.5700389586354965 0.8719745647352877 0.9533756707503883 1.1825728845309902 1.3864225177298388 2.0775219843493495
106 10600 -0.9690836599871198 -0.3163512989012264 0.3205230458778086 0.819424651448199 0.093890499344843 0.18398166616944034 0.37770668503224847 0.42862586820069604 0.5700389586354965 0.8719745647352877 0.9533756707503883 1.1825728845309902 1.3864225177298388 2.0775219843493495
107 10700 -0.9696674247137957 -0.2647385606239968 0.27219614754162125 0.810402225988248 0.093890499344843 0.18398166616944034 0.37770668503224847 0.42862586820069604 0.5700389586354965 0.8719745647352877 0.9533756707503883 1.1825728845309902 1.3864225177298388 2.0775219843493495
108 10800 -0.9683902374047184 -0.29327587964099355 0.3042138894071786 0.8256401783733677 0.093890499344843 0.18398166616944034 0.37770668503224847 0.42862586820069604 0.5700389586354965 0.8719745647352877 0.9533756707503883 1.1825728845309902 1.3864225177298388 2.0775219843493495
109 10900 -0.9714450678079303 -0.29745852593196 0.28192761964721014 0.8513803562044285 0.093890499344843 0.18398166616944034 0.37770668503224847 0.42862586820069604 0.5700389586354965 0.8719745647352877 0.9533756707503883 1.1825728845309902 1.3864225177298388 2.0775219843493495
110 11000 -0.9723708920865327 -0.30052733403207604 0.29538354180373605 0.8588027446459003 0.093890499344843 0.18398166616944034 0.37770668503224847 0.42862586820069604 0.5700389586354965 0.8719745647352877 0.9533756707503883 1.1825728845309902 1.3864225177298388 2.0775219843493495
111 11100 -0.9697190224452518 -0.30296633974638615 0.300623200860622 0.8568307603574025 0.09963770412283637 0.16520038172871923 0.2905035824509449 0.4004016118978718 0.6379667106318371 0.6446169138870563 1.1147862203389398 1.2682023540705065 1.5020630728747062 1.9463442365628776
112 11200 -0.9725382700859586 -0.2818322969567352 0.33789838415559353 0.8598845877536234 0.09963770412283637 0.16520038172871923 0.2905035824509449 0.4004016118978718 0.6379667106318371 0.6446169138870563 1.1147862203389398 1.2682023540705065 1.5020630728747062 1.9463442365628776
113 11300 -0.9709203776799423 -0.30400696438730146 0.32817886216041203 0.8516183884994534 0.09963770412283637 0.16520038172871923 0.2905035824509449 0.4004016118978718 0.6379667106318371 0.6446169138870563 1.1147862203389398 1.2682023540705065 1.5020630728747062 1.9463442365628776
114 11400 -0.9718078114531773 -0.26396989232015716 0.2744370029255565 0.8513612474893959 0.09963770412283637 0.16520038172871923 0.2905035824509449 0.4004016118978718 0.6379667106318371 0.6446169138870563 1.1147862203389398 1.2682023540705065 1.5020630728747062 1.9463442365628776
115 11500 -0.9719941606238139 -0.24991467061063327 0.26478358718450373 0.8604990766917806 0.09963770412283637 0.16520038172871923 0.2905035824509449 0.4004016118978718 0.6379667106318371 0.6446169138870563 1.1147862203389398 1.2682023540705065 1.5020630728747062 1.9463442365628776
116 11600 -0.9665241999475133 -0.27532072337227786 0.2712766733071469 0.8506823906348268 0.09963770412283637 0.16520038172871923 0.2905035824509449 0.4004016118978718 0.6379667106318371 0.6446169138870563 1.1147862203389398 1.2682023540705065 1.5020630728747062 1.9463442365628776
117 11700 -0.9670105695443842 -0.270760889212331 0.317104992978531 0.8467185628503728 0.09963770412283637 0.16520038172871923 0.2905035824509449 0.4004016118978718 0.6379667106318371 0.6446169138870563 1.1147862203389398 1.2682023540705065 1.5020630728747062 1.9463442365628776
118 11800 -0.9704226330850444 -0.31191661047950797 0.2908038097635329 0.859809525897641 0.09963770412283637 0.16520038172871923 0.2905035824509449 0.4004016118978718 0.6379667106318371 0.6446169138870563 1.1147862203389398 1.2682023540705065 1.5020630728747062 1.9463442365628776
119 11900 -0.971500221664762 -0.32554091377961447 0.2848735012191097 0.8663485042454812 0.09963770412283637 0.16520038172871923 0.2905035824509449 0.4004016118978718 0.6379667106318371 0.6446169138870563 1.1147862203389398 1.2682023540705065 1.5020630728747062 1.9463442365628776
120 12000 -0.9705725892873344 -0.30813940145941354 0.2785363503504618 0.8745951861224306 0.09963770412283637 0.16520038172871923 0.2905035824509449 0.4004016118978718 0.6379667106318371 0.6446169138870563 1.1147862203389398 1.2682023540705065 1.5020630728747062 1.9463442365628776
121 12100 -0.9692373032318067 -0.34455453657451773 0.2442620936970997 0.8775648749067063 0.07808718087247918 0.13753500474040237 0.2535999617060817 0.3295911829276764 0.4641653798637749 0.74128914645953 1.1718922961792477 1.2694048109952618 1.4787849059935232 1.9661025409358006
122 12200 -0.9694632034868763 -0.32177190945867085 0.24979111307765578 0.8778787518566983 0.07808718087247918 0.13753500474040237 0.2535999617060817 0.3295911829276764 0.4641653798637749 0.74128914645953 1.1718922961792477 1.2694048109952618 1.4787849059935232 1.9661025409358006
123 12300 -0.9698339976123784 -0.3297830144326835 0.2546144843797389 0.876424271632464 0.07808718087247918 0.13753500474040237 0.2535999617060817 0.3295911829276764 0.4641653798637749 0.74128914645953 1.1718922961792477 1.2694048109952618 1.4787849059935232 1.9661025409358006
124 12400 -0.9713468020029523 -0.335205362310789 0.2743894934672681 0.8777995373123203 0.07808718087247918 0.13753500474040237 0.2535999617060817 0.3295911829276764 0.4641653798637749 0.74128914645953 1.1718922961792477 1.2694048109952618 1.4787849059935232 1.9661025409358006
125 12500 -0.9702346167478244 -0.30095499613476046 0.24547316874847258 0.8784177528935545 0.07808718087247918 0.13753500474040237 0.2535999617060817 0.3295911829276764 0.4641653798637749 0.74128914645953 1.1718922961792477 1.2694048109952618 1.4787849059935232 1.9661025409358006
126 12600 -0.964365171072581 -0.27296075575343975 0.21845456718394432 0.8438470508414114 0.07808718087247918 0.13753500474040237 0.2535999617060817 0.3295911829276764 0.4641653798637749 0.74128914645953 1.1718922961792477 1.2694048109952618 1.4787849059935232 1.9661025409358006
127 12700 -0.95846180361749 -0.25798506870511073 0.20998937715626356 0.8479158016345506 0.07808718087247918 0.13753500474040237 0.2535999617060817 0.3295911829276764 0.4641653798637749 0.74128914645953 1.1718922961792477 1.2694048109952618 1.4787849059935232 1.9661025409358006
128 12800 -0.9619088457093756 -0.28036097121011216 0.2089852891075578 0.8384424829336437 0.07808718087247918 0.13753500474040237 0.2535999617060817 0.3295911829276764 0.4641653798637749 0.74128914645953 1.1718922961792477 1.2694048109952618 1.4787849059935232 1.9661025409358006
129 12900 -0.9662762302800341 -0.2973786065977535 0.19826647605260428 0.8507700583954914 0.07808718087247918 0.13753500474040237 0.2535999617060817 0.3295911829276764 0.4641653798637749 0.74128914645953 1.1718922961792477 1.2694048109952618 1.4787849059935232 1.9661025409358006
130 13000 -0.9649431906808478 -0.2342701064650156 0.20183091753424356 0.8715754078663831 0.07808718087247918 0.13753500474040237 0.2535999617060817 0.3295911829276764 0.4641653798637749 0.74128914645953 1.1718922961792477 1.2694048109952618 1.4787849059935232 1.9661025409358006
131 13100 -0.96596125496545 -0.2550480757399092 0.21921525837460995 0.8791519174418088 0.08347820956821178 0.1276540236283609 0.259622700312481 0.2874082087548435 0.44056318348438334 0.7079345643283989 0.9756070041648411 1.3733565079260428 1.5693260891422078 1.9572326507822566
132 13200 -0.9626041123999578 -0.22472781676150877 0.23378835330640255 0.8618936063715718 0.08347820956821178 0.1276540236283609 0.259622700312481 0.2874082087548435 0.44056318348438334 0.7079345643283989 0.9756070041648411 1.3733565079260428 1.5693260891422078 1.9572326507822566
133 13300 -0.9566682230912609 -0.24883904269136325 0.2544861584226975 0.8617901433182878 0.08347820956821178 0.1276540236283609 0.259622700312481 0.2874082087548435 0.44056318348438334 0.7079345643283989 0.9756070041648411 1.3733565079260428 1.5693260891422078 1.9572326507822566
134 13400 -0.9487731498101128 -0.24279023761143814 0.2648174710401727 0.8830424843385518 0.08347820956821178 0.1276540236283609 0.259622700312481 0.2874082087548435 0.44056318348438334 0.7079345643283989 0.9756070041648411 1.3733565079260428 1.5693260891422078 1.9572326507822566
135 13500 -0.9595617753257054 -0.24381714693884785 0.2472887352078638 0.883112875614988 0.08347820956821178 0.1276540236283609 0.259622700312481 0.2874082087548435 0.44056318348438334 0.7079345643283989 0.9756070041648411 1.3733565079260428 1.5693260891422078 1.9572326507822566
136 13600 -0.9524250298626521 -0.26561988849085433 0.24720515319140518 0.8988258243189122 0.08347820956821178 0.1276540236283609 0.259622700312481 0.2874082087548435 0.44056318348438334 0.7079345643283989 0.9756070041648411 1.3733565079260428 1.5693260891422078 1.9572326507822566
137 13700 -0.9529631872813086 -0.21897849783939816 0.24154904014924006 0.9043021724401892 0.08347820956821178 0.1276540236283609 0.259622700312481 0.2874082087548435 0.44056318348438334 0.7079345643283989 0.9756070041648411 1.3733565079260428 1.5693260891422078 1.9572326507822566
138 13800 -0.9526564085512091 -0.2568473058382579 0.19364005119930355 0.9060520718540743 0.08347820956821178 0.1276540236283609 0.259622700312481 0.2874082087548435 0.44056318348438334 0.7079345643283989 0.9756070041648411 1.3733565079260428 1.5693260891422078 1.9572326507822566
139 13900 -0.9549456981765455 -0.2796361958991432 0.2243388439954957 0.9098380250892658 0.08347820956821178 0.1276540236283609 0.259622700312481 0.2874082087548435 0.44056318348438334 0.7079345643283989 0.9756070041648411 1.3733565079260428 1.5693260891422078 1.9572326507822566
140 14000 -0.952650091914922 -0.3252650555043345 0.23599803411241402 0.9046745557106562 0.08347820956821178 0.1276540236283609 0.259622700312481 0.2874082087548435 0.44056318348438334 0.7079345643283989 0.9756070041648411 1.3733565079260428 1.5693260891422078 1.9572326507822566
141 14100 -0.9513014245129784 -0.3261827596847751 0.24461341361966077 0.9072997709741972 0.07371586898818036 0.1209759892219868 0.27405225904173786 0.31000580713776543 0.4878066117511293 0.6832214063680547 1.0893642634619314 1.2428207869689953 1.5628638024031127 1.9824516354923514
142 14200 -0.9482886146775021 -0.3518567870332554 0.24702695099891037 0.9266897685927614 0.07371586898818036 0.1209759892219868 0.27405225904173786 0.31000580713776543 0.4878066117511293 0.6832214063680547 1.0893642634619314 1.2428207869689953 1.5628638024031127 1.9824516354923514
143 14300 -0.9548903413615585 -0.31263855550069336 0.2343024146884762 0.9273511078797633 0.07371586898818036 0.1209759892219868 0.27405225904173786 0.31000580713776543 0.4878066117511293 0.6832214063680547 1.0893642634619314 1.2428207869689953 1.5628638024031127 1.9824516354923514
144 14400 -0.9608421974610079 -0.3107329557854545 0.23691129955162324 0.9331752530891897 0.07371586898818036 0.1209759892219868 0.27405225904173786 0.31000580713776543 0.4878066117511293 0.6832214063680547 1.0893642634619314 1.2428207869689953 1.5628638024031127 1.9824516354923514
145 14500 -0.9721077855610873 -0.34659085455968147 0.24459724754389095 0.9351378391726911 0.07371586898818036 0.1209759892219868 0.27405225904173786 0.31000580713776543 0.4878066117511293 0.6832214063680547 1.0893642634619314 1.2428207869689953 1.5628638024031127 1.9824516354923514
146 14600 -0.9665710977717342 -0.2783039022784824 0.21333816036604872 0.9162185350843114 0.07371586898818036 0.1209759892219868 0.27405225904173786 0.31000580713776543 0.4878066117511293 0.6832214063680547 1.0893642634619314 1.2428207869689953 1.5628638024031127 1.9824516354923514
147 14700 -0.9705126540193872 -0.23085193995039294 0.1706370982775876 0.9136372023782555 0.07371586898818036 0.1209759892219868 0.27405225904173786 0.31000580713776543 0.4878066117511293 0.6832214063680547 1.0893642634619314 1.2428207869689953 1.5628638024031127 1.9824516354923514
148 14800 -0.9642360893845856 -0.2336296045346038 0.13979748693843355 0.9160535813996384 0.07371586898818036 0.1209759892219868 0.27405225904173786 0.31000580713776543 0.4878066117511293 0.6832214063680547 1.0893642634619314 1.2428207869689953 1.5628638024031127 1.9824516354923514
149 14900 -0.9637764643897027 -0.2649960607789752 0.1260242840041944 0.9263178780295221 0.07371586898818036 0.1209759892219868 0.27405225904173786 0.31000580713776543 0.4878066117511293 0.6832214063680547 1.0893642634619314 1.2428207869689953 1.5628638024031127 1.9824516354923514
150 15000 -0.966914703837534 -0.2553899975189136 0.13720415821655202 0.9247346162535472 0.07371586898818036 0.1209759892219868 0.27405225904173786 0.31000580713776543 0.4878066117511293 0.6832214063680547 1.0893642634619314 1.2428207869689953 1.5628638024031127 1.9824516354923514
151 15100 -0.9626303557846844 -0.2853207295177355 0.1281262817662372 0.9192808696617477 0.08051742764435393 0.14263071409043118 0.2302421528762388 0.3072475757114276 0.5103651110156139 0.8605864274736925 1.0931035955103254 1.340162551886839 1.4090750318007077 1.961702264505608
152 15200 -0.9609103869815789 -0.28997984043902997 0.1837674044798457 0.9279760721847435 0.08051742764435393 0.14263071409043118 0.2302421528762388 0.3072475757114276 0.5103651110156139 0.8605864274736925 1.0931035955103254 1.340162551886839 1.4090750318007077 1.961702264505608
153 15300 -0.9508031810334884 -0.25735225425943864 0.16981664377941635 0.9247247142678391 0.08051742764435393 0.14263071409043118 0.2302421528762388 0.3072475757114276 0.5103651110156139 0.8605864274736925 1.0931035955103254 1.340162551886839 1.4090750318007077 1.961702264505608
154 15400 -0.9441455855976297 -0.31452655842660043 0.22998566301591677 0.9320391807821908 0.08051742764435393 0.14263071409043118 0.2302421528762388 0.3072475757114276 0.5103651110156139 0.8605864274736925 1.0931035955103254 1.340162551886839 1.4090750318007077 1.961702264505608
155 15500 -0.9424653810026212 -0.2980059091257947 0.24886837344662183 0.9245021031847759 0.08051742764435393 0.14263071409043118 0.2302421528762388 0.3072475757114276 0.5103651110156139 0.8605864274736925 1.0931035955103254 1.340162551886839 1.4090750318007077 1.961702264505608
156 15600 -0.9497019312310637 -0.3828194506577296 0.2658979763173491 0.9283096114065135 0.08051742764435393 0.14263071409043118 0.2302421528762388 0.3072475757114276 0.5103651110156139 0.8605864274736925 1.0931035955103254 1.340162551886839 1.4090750318007077 1.961702264505608
157 15700 -0.9515058829031416 -0.37452749058694024 0.2659693578329755 0.9145661956556848 0.08051742764435393 0.14263071409043118 0.2302421528762388 0.3072475757114276 0.5103651110156139 0.8605864274736925 1.0931035955103254 1.340162551886839 1.4090750318007077 1.961702264505608
158 15800 -0.959839891938716 -0.3673596002014021 0.26093905050134986 0.9193379712079172 0.08051742764435393 0.14263071409043118 0.2302421528762388 0.3072475757114276 0.5103651110156139 0.8605864274736925 1.0931035955103254 1.340162551886839 1.4090750318007077 1.961702264505608
159 15900 -0.9661377249718324 -0.38279653155214344 0.2731915896966104 0.9222991580849648 0.08051742764435393 0.14263071409043118 0.2302421528762388 0.3072475757114276 0.5103651110156139 0.8605864274736925 1.0931035955103254 1.340162551886839 1.4090750318007077 1.961702264505608
160 16000 -0.9627249507082409 -0.35408738987248567 0.25373310687341466 0.92370467554542 0.08051742764435393 0.14263071409043118 0.2302421528762388 0.3072475757114276 0.5103651110156139 0.8605864274736925 1.0931035955103254 1.340162551886839 1.4090750318007077 1.961702264505608
161 16100 -0.9603172863158648 -0.36550184446013667 0.2363516985800349 0.9156825807220226 0.06428480583028176 0.12878236486520178 0.21153531333158376 0.25450301353326027 0.41273657755726495 0.6258468713473092 1.038895627266559 1.270068694631604 1.4897739890840849 2.0966455715590255
162 16200 -0.961141331648403 -0.38182396110564437 0.24814704099724808 0.916582225233269 0.06428480583028176 0.12878236486520178 0.21153531333158376 0.25450301353326027 0.41273657755726495 0.6258468713473092 1.038895627266559 1.270068694631604 1.4897739890840849 2.0966455715590255
163 16300 -0.9517296167203315 -0.39634058957070034 0.27525209712714077 0.9162933156846552 0.06428480583028176 0.12878236486520178 0.21153531333158376 0.25450301353326027 0.41273657755726495 0.6258468713473092 1.038895627266559 1.270068694631604 1.4897739890840849 2.0966455715590255
164 16400 -0.9640562167644169 -0.44376838791722284 0.2733298333233973 0.9068643251928966 0.06428480583028176 0.12878236486520178 0.21153531333158376 0.25450301353326027 0.41273657755726495 0.6258468713473092 1.038895627266559 1.270068694631604 1.4897739890840849 2.0966455715590255
165 16500 -0.9673638837852541 -0.48013584242346397 0.2659488706169076 0.9155542863723541 0.06428480583028176 0.12878236486520178 0.21153531333158376 0.25450301353326027 0.41273657755726495 0.6258468713473092 1.038895627266559 1.270068694631604 1.4897739890840849 2.0966455715590255
166 16600 -0.9723910309260981 -0.5003856346810451 0.26586315849904607 0.913798721354408 0.06428480583028176 0.12878236486520178 0.21153531333158376 0.25450301353326027 0.41273657755726495 0.6258468713473092 1.038895627266559 1.270068694631604 1.4897739890840849 2.0966455715590255
167 16700 -0.9721324229204227 -0.508019711418299 0.2872362869500485 0.8985867512205669 0.06428480583028176 0.12878236486520178 0.21153531333158376 0.25450301353326027 0.41273657755726495 0.6258468713473092 1.038895627266559 1.270068694631604 1.4897739890840849 2.0966455715590255
168 16800 -0.9754766687937353 -0.5267154266366701 0.37169407124568704 0.9097041833759737 0.06428480583028176 0.12878236486520178 0.21153531333158376 0.25450301353326027 0.41273657755726495 0.6258468713473092 1.038895627266559 1.270068694631604 1.4897739890840849 2.0966455715590255
169 16900 -0.9739347806406551 -0.4942315259045425 0.31088579774507863 0.9122862862675037 0.06428480583028176 0.12878236486520178 0.21153531333158376 0.25450301353326027 0.41273657755726495 0.6258468713473092 1.038895627266559 1.270068694631604 1.4897739890840849 2.0966455715590255
170 17000 -0.9773336535758084 -0.5524162391305044 0.3764170528717656 0.9261600242970977 0.06428480583028176 0.12878236486520178 0.21153531333158376 0.25450301353326027 0.41273657755726495 0.6258468713473092 1.038895627266559 1.270068694631604 1.4897739890840849 2.0966455715590255
171 17100 -0.9774458363002598 -0.5651247979968916 0.38580088622372777 0.9396166003194352 0.04859274053939649 0.09160526607295455 0.1757592834234322 0.24019995997658747 0.3590497403002604 0.49718958956295073 0.8704986488691869 1.107567907809504 1.346816756313562 2.3929387219804132
172 17200 -0.9808137382049402 -0.5865806272695739 0.44284964987547154 0.9342911358047062 0.04859274053939649 0.09160526607295455 0.1757592834234322 0.24019995997658747 0.3590497403002604 0.49718958956295073 0.8704986488691869 1.107567907809504 1.346816756313562 2.3929387219804132
173 17300 -0.9781320681167005 -0.5830379710616158 0.41520897092934506 0.9276097534951815 0.04859274053939649 0.09160526607295455 0.1757592834234322 0.24019995997658747 0.3590497403002604 0.49718958956295073 0.8704986488691869 1.107567907809504 1.346816756313562 2.3929387219804132
174 17400 -0.9781828854921247 -0.5626755171441716 0.4454931143586722 0.9307230306606243 0.04859274053939649 0.09160526607295455 0.1757592834234322 0.24019995997658747 0.3590497403002604 0.49718958956295073 0.8704986488691869 1.107567907809504 1.346816756313562 2.3929387219804132
175 17500 -0.981037036620749 -0.6056099147499896 0.4791137510816662 0.9340314760388733 0.04859274053939649 0.09160526607295455 0.1757592834234322 0.24019995997658747 0.3590497403002604 0.49718958956295073 0.8704986488691869 1.107567907809504 1.346816756313562 2.3929387219804132
176 17600 -0.97981440365829 -0.5915119745370391 0.44822604684382356 0.9340164744733147 0.04859274053939649 0.09160526607295455 0.1757592834234322 0.24019995997658747 0.3590497403002604 0.49718958956295073 0.8704986488691869 1.107567907809504 1.346816756313562 2.3929387219804132
177 17700 -0.9794253780459972 -0.6109117924875851 0.5227537329220322 0.941450260069564 0.04859274053939649 0.09160526607295455 0.1757592834234322 0.24019995997658747 0.3590497403002604 0.49718958956295073 0.8704986488691869 1.107567907809504 1.346816756313562 2.3929387219804132
178 17800 -0.9737123541982977 -0.6153640869524591 0.48978410323342975 0.9403941092945715 0.04859274053939649 0.09160526607295455 0.1757592834234322 0.24019995997658747 0.3590497403002604 0.49718958956295073 0.8704986488691869 1.107567907809504 1.346816756313562 2.3929387219804132
179 17900 -0.9712899240771751 -0.6145806949282662 0.5187502625779667 0.9413842830835313 0.04859274053939649 0.09160526607295455 0.1757592834234322 0.24019995997658747 0.3590497403002604 0.49718958956295073 0.8704986488691869 1.107567907809504 1.346816756313562 2.3929387219804132
180 18000 -0.969559737983072 -0.6288171729202423 0.538694738815789 0.9480179462730669 0.04859274053939649 0.09160526607295455 0.1757592834234322 0.24019995997658747 0.3590497403002604 0.49718958956295073 0.8704986488691869 1.107567907809504 1.346816756313562 2.3929387219804132
181 18100 -0.9770685475976161 -0.6916256832556402 0.5957150721565481 0.9532681116487315 0.03239902512803409 0.07527458419737595 0.13579713988621572 0.22578161882062184 0.2991805162036002 0.455671932106801 0.6932062936383918 0.7579998308532708 1.4054604528260755 2.568326722399
182 18200 -0.9696330326102403 -0.6563987291101111 0.5385808738419672 0.953457040998364 0.03239902512803409 0.07527458419737595 0.13579713988621572 0.22578161882062184 0.2991805162036002 0.455671932106801 0.6932062936383918 0.7579998308532708 1.4054604528260755 2.568326722399
183 18300 -0.9661156665343326 -0.6695193227730413 0.541471776238456 0.950266383201245 0.03239902512803409 0.07527458419737595 0.13579713988621572 0.22578161882062184 0.2991805162036002 0.455671932106801 0.6932062936383918 0.7579998308532708 1.4054604528260755 2.568326722399
184 18400 -0.9648329837091161 -0.6830125662642772 0.5825745470900554 0.945757627736637 0.03239902512803409 0.07527458419737595 0.13579713988621572 0.22578161882062184 0.2991805162036002 0.455671932106801 0.6932062936383918 0.7579998308532708 1.4054604528260755 2.568326722399
185 18500 -0.9619696638939004 -0.6428469100994415 0.5469136105998851 0.9458706502331252 0.03239902512803409 0.07527458419737595 0.13579713988621572 0.22578161882062184 0.2991805162036002 0.455671932106801 0.6932062936383918 0.7579998308532708 1.4054604528260755 2.568326722399
186 18600 -0.9646841916670107 -0.6139868917519615 0.5091762944639335 0.9435035627807453 0.03239902512803409 0.07527458419737595 0.13579713988621572 0.22578161882062184 0.2991805162036002 0.455671932106801 0.6932062936383918 0.7579998308532708 1.4054604528260755 2.568326722399
187 18700 -0.9682879117789983 -0.6354792150844584 0.5104647259804592 0.9271276552772304 0.03239902512803409 0.07527458419737595 0.13579713988621572 0.22578161882062184 0.2991805162036002 0.455671932106801 0.6932062936383918 0.7579998308532708 1.4054604528260755 2.568326722399
188 18800 -0.9715199357484994 -0.6899911179837528 0.5628329850414406 0.9367393036608723 0.03239902512803409 0.07527458419737595 0.13579713988621572 0.22578161882062184 0.2991805162036002 0.455671932106801 0.6932062936383918 0.7579998308532708 1.4054604528260755 2.568326722399
189 18900 -0.9675521396087075 -0.6949371112174267 0.5825943343426795 0.9480300787307889 0.03239902512803409 0.07527458419737595 0.13579713988621572 0.22578161882062184 0.2991805162036002 0.455671932106801 0.6932062936383918 0.7579998308532708 1.4054604528260755 2.568326722399
190 19000 -0.9699292569419713 -0.7132740084059894 0.6044851963235462 0.949286066839936 0.03239902512803409 0.07527458419737595 0.13579713988621572 0.22578161882062184 0.2991805162036002 0.455671932106801 0.6932062936383918 0.7579998308532708 1.4054604528260755 2.568326722399
191 19100 -0.9689608477625857 -0.697234993606219 0.5705777799277394 0.9414289835876363 0.029388145877881328 0.07096442702054821 0.13166188690803904 0.23693621680512614 0.2904756487834128 0.5423995538200321 0.6521443655023231 0.8735164948899342 1.4169675049981627 2.5191135612828446
192 19200 -0.9670010778034814 -0.6834158915127068 0.5644780018333526 0.9374299062990626 0.029388145877881328 0.07096442702054821 0.13166188690803904 0.23693621680512614 0.2904756487834128 0.5423995538200321 0.6521443655023231 0.8735164948899342 1.4169675049981627 2.5191135612828446
193 19300 -0.9646108547751173 -0.6533784657642417 0.5191018111621525 0.9191630222930868 0.029388145877881328 0.07096442702054821 0.13166188690803904 0.23693621680512614 0.2904756487834128 0.5423995538200321 0.6521443655023231 0.8735164948899342 1.4169675049981627 2.5191135612828446
194 19400 -0.9661572214100815 -0.649799460843821 0.4994795863152779 0.9103802197982886 0.029388145877881328 0.07096442702054821 0.13166188690803904 0.23693621680512614 0.2904756487834128 0.5423995538200321 0.6521443655023231 0.8735164948899342 1.4169675049981627 2.5191135612828446
195 19500 -0.9571075350443129 -0.6153357399815362 0.4519196632033194 0.8944974885480469 0.029388145877881328 0.07096442702054821 0.13166188690803904 0.23693621680512614 0.2904756487834128 0.5423995538200321 0.6521443655023231 0.8735164948899342 1.4169675049981627 2.5191135612828446
196 19600 -0.9632914452789174 -0.6868320316158605 0.5429836911514287 0.9163211751379785 0.029388145877881328 0.07096442702054821 0.13166188690803904 0.23693621680512614 0.2904756487834128 0.5423995538200321 0.6521443655023231 0.8735164948899342 1.4169675049981627 2.5191135612828446
197 19700 -0.9638408514007886 -0.6862704222820868 0.5515511404795607 0.9262290798365789 0.029388145877881328 0.07096442702054821 0.13166188690803904 0.23693621680512614 0.2904756487834128 0.5423995538200321 0.6521443655023231 0.8735164948899342 1.4169675049981627 2.5191135612828446
198 19800 -0.9707683056853165 -0.6805317304085883 0.5433341454577753 0.9451603864484605 0.029388145877881328 0.07096442702054821 0.13166188690803904 0.23693621680512614 0.2904756487834128 0.5423995538200321 0.6521443655023231 0.8735164948899342 1.4169675049981627 2.5191135612828446
199 19900 -0.9753498843570039 -0.7261083257462149 0.5709161268606421 0.9549263953685154 0.029388145877881328 0.07096442702054821 0.13166188690803904 0.23693621680512614 0.2904756487834128 0.5423995538200321 0.6521443655023231 0.8735164948899342 1.4169675049981627 2.5191135612828446
200 20000 -0.97459148407458 -0.7092394625071319 0.5625499186072251 0.9506025253648898 0.029388145877881328 0.07096442702054821 0.13166188690803904 0.23693621680512614 0.2904756487834128 0.5423995538200321 0.6521443655023231 0.8735164948899342 1.4169675049981627 2.5191135612828446
201 20100 -0.9797698692117748 -0.7658585118675635 0.6612135193128765 0.9597213836349086 0.021051715138961757 0.0590024530728868 0.09420424631288785 0.16717839860150638 0.2316871360299192 0.40811852306966395 0.6346396303188011 0.705021533375955 1.3776140737761016 2.6346478819385877
201 20100 -0.9797698692117748 -0.7658585118675635 0.6612135193128765 0.9597213836349086 0.021051715138961757 0.0590024530728868 0.09420424631288785 0.16717839860150638 0.2316871360299192 0.40811852306966395 0.6346396303188011 0.705021533375955 1.3776140737761016 2.6346478819385877
