% # columns="iteration, evaluation, sigma, axis ratio, bestever, best, median, worst objective function value, interquartile range, 25%tile, current best feasible f-value, further/more values", seed=42, Tue Oct  7 17:01:39 2025, <python>{}</python>
1 100 1.14230810172284 1.0000450010125153 -1.4404164099567787e-06 -1.4404164099567787e-06 -0.0 0.007862403610986763 0.00023773276377487553 -0.0 nan   
2 200 1.3556450272201985 1.3897779030791468 -1.4404164099567787e-06 -0.0000000000000000e+00 -0.0 0.031066616663902365 0.0 -0.0 nan   
3 300 1.4244095816710094 1.5200057397161824 -1.4404164099567787e-06 -7.9524403524579392e-07 -0.0 0.010287305607832057 0.0 -0.0 nan   
4 400 1.6197441487503363 1.664930925514658 -1.4404164099567787e-06 -0.0000000000000000e+00 -0.0 0.012132659293604032 0.0 -0.0 nan   
5 500 1.5337660698276863 1.8712683420645417 -4.840892503394399e-05 -4.8408925033943990e-05 -0.0 0.003976580373015358 0.0 -0.0 nan   
6 600 1.6231092852457387 2.092756112067447 -4.840892503394399e-05 -1.4393603459479230e-05 -0.0 0.03105207118961471 0.0 -0.0 nan   
7 700 1.7038131769282479 2.1191718897984178 -4.840892503394399e-05 -2.3159420259384262e-05 -0.0 0.0002837578527725127 0.0 -0.0 nan   
8 800 1.811531066338327 2.27424878798467 -4.840892503394399e-05 -3.3767659957920260e-05 -0.0 0.02082343120170892 0.0 -0.0 nan   
9 900 1.8481448038306139 2.503371418144454 -4.840892503394399e-05 -1.9266177489659449e-05 -0.0 0.031045670928081085 0.0 -0.0 nan   
10 1000 1.856405321794659 2.590982015976572 -7.762863464249971e-05 -7.7628634642499709e-05 -0.0 0.00026520282242875186 0.0 -0.0 nan   
11 1100 1.9721659158222478 2.9575433606647197 -0.00010295694982830097 -1.0295694982830097e-04 -0.0 0.031050237892950267 0.0 -0.0 nan   
12 1200 2.020692314997262 3.140569592850431 -0.00010295694982830097 -6.4325935438678305e-05 -0.0 0.002931508256439756 0.0 -0.0 nan   
13 1300 1.9574051363255764 3.629227475616143 -0.00010295694982830097 -5.3304635221881412e-05 -0.0 0.0002868794070933295 0.0 -0.0 nan   
14 1400 1.7903985901248707 3.810847007614248 -0.00010295694982830097 -1.4142097307987139e-05 -0.0 0.009726862356069616 0.0 -0.0 nan   
15 1500 1.7182006686337536 4.002646258150832 -0.00010295694982830097 -6.0521239405605555e-05 -0.0 0.005720737965067086 0.0 -0.0 nan   
16 1600 1.8185212901288499 4.151581093785361 -0.00010295694982830097 -6.8826546915001102e-05 -0.0 0.0018318621008118984 0.0 -0.0 nan   
17 1700 1.7860990545127242 4.386449677318061 -0.00010295694982830097 -3.3554337448663906e-05 -0.0 0.02680416442320276 0.0 -0.0 nan   
18 1800 1.8622831817589356 4.735071513534531 -0.00010295694982830097 -6.2348322137654056e-05 -0.0 0.0011944639078576523 0.0 -0.0 nan   
19 1900 1.7689410158234078 4.813990204115661 -0.00010295694982830097 -5.3713649705886386e-05 -0.0 0.00028441575087133526 0.0 -0.0 nan   
20 2000 1.7941631619279397 4.945175896921044 -0.00010295694982830097 -2.8218573369639429e-05 -0.0 0.0002714814303602565 0.0 -0.0 nan   
21 2100 1.9950860463389701 5.905956576745926 -0.00010295694982830097 -5.9984285445628099e-05 -0.0 0.0015294805162203741 0.0 -0.0 nan   
22 2200 1.99305966014083 6.518139184146591 -0.00010295694982830097 -6.8175904767182145e-05 -0.0 0.031058534020979075 0.0002011108019173804 -0.0 nan   
23 2300 2.055465322719342 7.4489377377657435 -0.00010295694982830097 -4.5512283133382063e-05 -0.0 0.031044095641913454 4.0491586859627055e-06 -0.0 nan   
24 2400 1.9979803100238145 7.722621565682009 -0.00010295694982830097 -1.5754285412153213e-05 -0.0 0.005675884295476491 0.00019752320894884516 -0.0 nan   
25 2500 2.0100032696498586 8.025472032373262 -0.00010295694982830097 -8.2874368963895535e-05 -0.0 0.03105107980450717 0.0 -0.0 nan   
26 2600 2.112200049125294 8.219970041959403 -0.00010295694982830097 -9.5842804217096924e-05 -0.0 0.0031652348495075375 0.0 -0.0 nan   
27 2700 2.0651376510956045 8.159261202967897 -0.00010295694982830097 -9.0410181732258443e-05 -0.0 0.0310354508100844 0.0 -0.0 nan   
28 2800 1.997337150947997 9.239196272413599 -0.00010722900838329196 -1.0722900838329196e-04 -0.0 0.011964619452052265 0.0 -0.0 nan   
29 2900 2.3553205291914634 9.678338203261518 -0.00011964412275127083 -1.1964412275127083e-04 -0.0 0.005285076533972872 0.0 -0.0 nan   
30 3000 2.2108552555179783 9.20696370993567 -0.00011964412275127083 -8.9781810282451135e-05 -0.0 0.02846334007299615 0.00022707093174702776 -0.0 nan   
31 3100 2.323443105473297 9.788751796049137 -0.00011964412275127083 -8.3960588076024864e-05 -0.0 0.006593731466751446 0.00020872969592557848 -0.0 nan   
32 3200 2.5369659651684957 9.801604178794008 -0.00011964412275127083 -8.9854832049764493e-05 -0.0 0.02007433280582996 0.00012745225958240251 -5.449638636566994e-11 nan   
33 3300 2.432651509214565 10.026265438475852 -0.00031881769040177107 -3.1881769040177107e-04 -0.0 0.031056836632756865 0.0002362833539380874 -1.5693496261239254e-08 nan   
34 3400 2.4983740092955355 10.799359065635608 -0.00031881769040177107 -1.7557486854481369e-04 -0.0 0.02141563017911407 0.00023068296009133316 -1.6559497705346254e-06 nan   
35 3500 2.6847780639191834 12.567870895923654 -0.00031881769040177107 -2.7513069794871819e-04 -0.0 0.03054764199178233 0.0002682741242722547 -6.569686037534788e-06 nan   
36 3600 2.855255579467719 13.385973272076274 -0.00031881769040177107 -2.9169963260129760e-04 -0.0 0.02371626520920839 0.00023861194096710917 -1.0920441025622423e-05 nan   
37 3700 3.177526749881466 15.322273662275832 -0.00031881769040177107 -2.3859773543139843e-04 -1.6032656738189344e-10 0.026002557632428456 0.000252015345039339 -6.174122205810257e-05 nan   
38 3800 3.551097998436615 17.836221358971034 -0.0003345990300909984 -3.3459903009099842e-04 -0.0 0.03049101948759195 0.0002922483667126112 -8.094268298806644e-05 nan   
39 3900 4.028529143342286 23.32276877690548 -0.0005354181408418915 -5.3541814084189150e-04 -0.0 0.02350342795550263 0.0002691845050224345 -4.001215088025483e-05 nan   
40 4000 4.608796318685347 29.62598088830373 -0.0005731305974248077 -5.7313059742480769e-04 -0.0 0.0180254442571598 0.000205893570139518 -9.545620601719251e-05 nan   
41 4100 4.889192421031078 36.45791964947566 -0.0005731305974248077 -4.4189135591609247e-04 -0.0 0.01983317448911886 0.0005320333589020087 -5.567861309462862e-05 nan   
42 4200 4.428014712109594 42.89458889091032 -0.0005731305974248077 -3.5428292111951555e-04 -0.0 0.014998409649734323 0.000303807915636322 -6.029788492631585e-05 nan   
43 4300 4.542662439589839 47.35283584026249 -0.0005731305974248077 -4.8305919016204381e-04 -4.328410738018303e-05 0.008577705668726059 0.0001829667571575536 -0.00014674253728908868 nan   
44 4400 4.652618625128392 57.62010172724676 -0.0005731305974248077 -5.6983654921073299e-04 -4.365951769471397e-05 0.024524775785322316 0.00019471176163693614 -0.00019394609462974384 nan   
45 4500 4.422583013791422 68.17407778523932 -0.0005731305974248077 -5.3131536924529697e-04 -0.00010886485803236615 0.0029184509572154154 0.00023326471380842974 -0.00023413005447850876 nan   
46 4600 4.384512159070566 82.32770062433285 -0.0005731305974248077 -5.5050013742155785e-04 -0.00014677209635298384 0.0004869592581523212 0.00021946113424879657 -0.00027117949248860315 nan   
47 4700 4.186919566910362 87.91714299707036 -0.0005889779017523187 -5.8897790175231873e-04 -0.00021862435423314832 0.000260012410540099 0.0002541292492302334 -0.00031968928880208924 nan   
48 4800 4.434042522140961 106.14264766265336 -0.0005889779017523187 -5.7057392393359814e-04 -0.00026034052565459295 0.00028751482253058406 0.00020660986963087595 -0.0003651879516292588 nan   
49 4900 4.073284352350541 119.5561942886909 -0.0006406695888160417 -6.4066958881604168e-04 -0.00028245844130423575 0.0010362885773878407 0.00040720333063967224 -0.00038831532622884816 nan   
50 5000 4.218361176445383 123.76326860298204 -0.0006896825025932467 -6.8968250259324670e-04 -0.0003441564142988501 0.000268125225297953 0.0004044073619728903 -0.00043992502529614807 nan   
51 5100 3.8107223770096197 137.70947295811618 -0.0006896825025932467 -6.5611074264548190e-04 -0.0003392015815754007 0.00023804968921184861 0.0003629906707521545 -0.0004480760909046585 nan   
52 5200 3.9709361216204107 153.680421693995 -0.0006896825025932467 -6.5059925491018343e-04 -0.00042201373739439587 0.00029208142905235557 0.0002413273409561063 -0.00049459066936318 nan   
53 5300 4.182767427115634 153.77342230294795 -0.0007043940794715102 -7.0439407947151022e-04 -0.00046122919096130125 0.0002632216368712642 0.000163031496293267 -0.0005383644921212808 nan   
54 5400 3.835310090153021 160.5080707623971 -0.0007043940794715102 -6.7177605248302759e-04 -0.00042404487587383694 0.0002623944596792137 0.00026818910218466573 -0.0005427933209874746 nan   
55 5500 3.586234243081692 176.3663860468142 -0.0007043940794715102 -6.6610931240235248e-04 -0.00047984631093430356 0.00022040225585647877 0.0002586453260245494 -0.0005660278292297451 nan   
56 5600 3.8901497590436094 193.14711185903715 -0.0007043940794715102 -7.0151892460452244e-04 -0.0005154671902943416 0.00023895911065515996 0.00015529932300500243 -0.0005825784296223239 nan   
57 5700 3.9828723402098065 210.06687999152444 -0.0007043940794715102 -6.9204665605790048e-04 -0.0005541258784745542 0.00018982142054737672 0.00011691449209618723 -0.000613632579682253 nan   
58 5800 3.9397940746610707 229.62684102203366 -0.0007043940794715102 -7.0411548352235004e-04 -0.0005693139037580313 7.163901044702069e-05 0.00012162180798539206 -0.0006235343414980859 nan   
59 5900 4.260930268449015 253.33185821732607 -0.0007126191040332743 -7.1261910403327435e-04 -0.0005984262416221012 0.00013836023379805326 0.00011404583995658151 -0.000648971627255675 nan   
60 6000 4.4607375248737435 292.53145913359054 -0.0007126191040332743 -7.0134323355152447e-04 -0.0005890050167033044 0.00019762276209764823 0.0001456251343799846 -0.0006357006896210837 nan   
61 6100 4.831959914926587 312.12845405328375 -0.0007126191040332743 -7.0410944647225995e-04 -0.0006143794456869862 3.6798641506587606e-05 8.528201767615351e-05 -0.0006550980132076491 nan   
62 6200 5.105184763182906 323.49816578148125 -0.0007158279316968145 -7.1582793169681447e-04 -0.0006205984517323295 8.579120338784245e-05 8.54437775862334e-05 -0.0006693377671742663 nan   
63 6300 5.079804417674664 381.0700403261907 -0.0007158279316968145 -7.1114059381962300e-04 -0.0006418779257888908 -0.0002285383636654616 8.768994442369805e-05 -0.0006719973494469758 nan   
64 6400 5.287680370385958 445.8323661364592 -0.000736791253924407 -7.3679125392440699e-04 -0.0006576312281724985 -0.000238312525122507 5.8647883091968145e-05 -0.0006792721025494559 nan   
65 6500 6.238865588272756 524.3436497263654 -0.000736791253924407 -7.3616657981820756e-04 -0.0006698654476069167 -0.00044669602164697914 5.0492293783763556e-05 -0.000689876531829703 nan   
66 6600 6.985757263318762 634.9127581916692 -0.000736791253924407 -7.3452931396353381e-04 -0.0006784187785495712 -0.0005696287328240135 4.827437059025581e-05 -0.0006968962288953235 nan   
67 6700 7.547434647047084 713.3824881389245 -0.000736791253924407 -7.2436023706478996e-04 -0.0006698567256837227 -0.0005240344969324163 4.97462051470501e-05 -0.000694945303379704 nan   
68 6800 7.912340534326195 805.6255693027479 -0.0007370660896425487 -7.3706608964254868e-04 -0.0006838560866565626 -0.0005596548209132195 3.9943812545674266e-05 -0.0006986715205562833 nan   
69 6900 8.14754008961336 871.7506579292127 -0.0007486427261027494 -7.4864272610274942e-04 -0.0006908429217575954 -0.000583559722105308 4.4349596334003396e-05 -0.0007086946498096946 nan   
70 7000 8.56142344254921 928.3887255066903 -0.0007537721122920985 -7.5377211229209846e-04 -0.000696092135272632 -0.0005420193841002567 3.696167130426485e-05 -0.0007121086792192838 nan   
71 7100 8.349877127057733 1049.1614580336868 -0.0007537721122920985 -7.4630848170894703e-04 -0.0006932178877981949 -0.0005880909068217887 3.114537497639824e-05 -0.0007115042322372047 nan   
72 7200 7.977191746706688 1118.1623786029468 -0.0007537721122920985 -7.4545845167460544e-04 -0.0007012132178484958 -0.0005753025458145673 3.461080066010367e-05 -0.0007176441787663881 nan   
73 7300 7.148255026825088 1212.8725817944116 -0.0007610136242248646 -7.6101362422486456e-04 -0.0007078814669066321 -0.0006506762713423764 2.644233072497768e-05 -0.0007188062815453576 nan   
74 7400 7.1099765144742895 1335.8215504171485 -0.0007610136242248646 -7.5161058506170893e-04 -0.0007122563322330989 -0.0006625559902596895 2.348213800429063e-05 -0.0007242584317987818 nan   
75 7500 7.132152795011894 1241.2264064932576 -0.0007610136242248646 -7.5435502764357770e-04 -0.0007108486489596707 -0.0006625548831801678 2.5351094508516527e-05 -0.0007251214270744774 nan   
76 7600 7.466674964842062 1259.417210444896 -0.0007610136242248646 -7.5426099676241228e-04 -0.0007180615623284839 -0.0006723901782491991 2.3685535157234785e-05 -0.0007289590424177457 nan   
77 7700 8.112845330923111 1376.9051467098018 -0.0007610136242248646 -7.5900312974073623e-04 -0.0007150214397587971 -0.000667912116155291 2.400272848252969e-05 -0.0007262434619015452 nan   
78 7800 8.125306636120992 1497.3968530683812 -0.0007610136242248646 -7.6002536160187030e-04 -0.0007142751259082846 -0.0005727497075247006 2.7315997464975503e-05 -0.0007271498895113694 nan   
79 7900 7.696580963560769 1462.571374640808 -0.0007610136242248646 -7.5818853384213936e-04 -0.0007174913577649382 -0.0005233306827205114 2.3247184227379557e-05 -0.0007288537418022221 nan   
80 8000 8.44888501688104 1554.5053459697874 -0.0007610136242248646 -7.5005439852263405e-04 -0.0007199454444639238 -0.0006813576219636218 2.2153902396604614e-05 -0.0007319303485394758 nan   
81 8100 9.522237112460417 1658.8227667922754 -0.0007610136242248646 -7.5106409611972076e-04 -0.0007173210755467905 -0.000685312423077156 2.0450002699337264e-05 -0.0007295865298235012 nan   
82 8200 8.977423288994956 1865.1077114178477 -0.0007610136242248646 -7.5568228979369775e-04 -0.0007179583066269058 -0.0006727048111926139 1.9530574766907487e-05 -0.0007273646438646275 nan   
83 8300 8.120684742742585 2121.8101719695956 -0.0007610136242248646 -7.6013044095393984e-04 -0.0007164423611761438 -0.0006698495500272118 2.7975736495886266e-05 -0.0007312934441686069 nan   
84 8400 7.6917278718311906 2203.8820790070336 -0.0007610136242248646 -7.5473023826215437e-04 -0.0007199085438009325 -0.0006830556045785457 1.867176431317552e-05 -0.0007306620823223911 nan   
85 8500 7.714853886106572 2315.2896886914023 -0.0007610136242248646 -7.5407885572616401e-04 -0.0007204395649121227 -0.0006868244726889052 1.994753366662248e-05 -0.0007293343016864129 nan   
86 8600 6.898711755216838 2441.917909319221 -0.0007724673270442378 -7.7246732704423782e-04 -0.0007251191677367517 -0.0006890235765023723 1.8361768131516234e-05 -0.0007337497908640803 nan   
87 8700 6.594830738320863 2290.0123531571994 -0.0007724673270442378 -7.6516051708622039e-04 -0.0007256313204400512 -0.0006891813601779445 1.8833766783903517e-05 -0.0007357431702810044 nan   
88 8800 6.680604185839895 2500.355029429706 -0.0007724673270442378 -7.5833664465965777e-04 -0.0007262475491279047 -0.0006936235074113113 1.9004242163890702e-05 -0.0007331915981911138 nan   
89 8900 6.575423843603574 2729.3948253083004 -0.0007724673270442378 -7.6107985324199595e-04 -0.0007246974722351075 -0.0006897871823183034 1.968946776332572e-05 -0.000735067821441552 nan   
90 9000 6.335612250951271 2645.1642856017647 -0.0007724673270442378 -7.5934007703423029e-04 -0.0007244829720602461 -0.0006698469363673832 1.768114965095891e-05 -0.000734671298097547 nan   
91 9100 6.675290484505776 2542.0471154066686 -0.0007724673270442378 -7.5614875185997369e-04 -0.0007222970828683897 -0.0006842893923208226 1.8048378472046455e-05 -0.0007323442272738768 nan   
92 9200 6.750553782739136 2679.589098924251 -0.0007724673270442378 -7.6129203541498984e-04 -0.0007255960287929735 -0.0006864341105677697 2.3211921648548474e-05 -0.0007368486984484217 nan   
93 9300 6.8960033422865195 2719.7213031469037 -0.0007724673270442378 -7.6191610580965473e-04 -0.0007276120857575395 -0.0006982276139768578 1.9006631096727083e-05 -0.0007381130117792941 nan   
94 9400 6.457502686158916 2933.9787793303826 -0.0007724673270442378 -7.6522597537546542e-04 -0.0007256993662017283 -0.0006954025767335085 1.9097702037088548e-05 -0.0007356580792719696 nan   
95 9500 6.047274160252305 3026.434412635799 -0.0007724673270442378 -7.6352546730268996e-04 -0.0007269406063655 -0.0006818593435175167 2.300520191238697e-05 -0.0007370593145611204 nan   
96 9600 5.915040628794383 3090.697841885871 -0.0007724673270442378 -7.5972336423699909e-04 -0.0007265749495594558 -0.0006870225133563372 1.8473259626091538e-05 -0.0007346896853191702 nan   
97 9700 6.697086211189873 3143.5983366368787 -0.0007724673270442378 -7.5965073000810979e-04 -0.0007264416065487387 -0.0006924987768268156 2.1849206638785727e-05 -0.0007367974657382216 nan   
98 9800 6.155510509899544 3237.0872368080904 -0.0007724673270442378 -7.6587741529742003e-04 -0.0007312248939021625 -0.0007031134359442826 1.554549660205749e-05 -0.0007393413447432076 nan   
99 9900 5.836459620845605 3218.6830991377333 -0.0007724673270442378 -7.5997104135672351e-04 -0.0007246892496090713 -0.0006946838622060202 2.168907929970458e-05 -0.0007361646178050178 nan   
100 10000 5.3676067382712 3420.9396656968865 -0.0007757693828110528 -7.7576938281105276e-04 -0.0007268834866127702 -0.0006892618702683782 1.7709560490290982e-05 -0.0007368904398460266 nan   
101 10100 5.269909071082821 3583.1774457384395 -0.0007757693828110528 -7.7261695220062082e-04 -0.0007231273816150514 -0.0006776773558520795 2.2526919846712614e-05 -0.0007352675672354313 nan   
102 10200 5.586814697967815 3694.0018463504653 -0.0007757693828110528 -7.6129682045531345e-04 -0.0007273714658393907 -0.0006812815870371715 2.1351677793719553e-05 -0.0007396018000070733 nan   
103 10300 5.930152375847553 3619.9980815283275 -0.0007757693828110528 -7.6401955354396111e-04 -0.0007284905764247248 -0.0006836064918525392 2.002995330027278e-05 -0.0007381811802668366 nan   
104 10400 5.411357378548816 3472.6070306009647 -0.0007757693828110528 -7.6860393118975418e-04 -0.000728482350041189 -0.0006837502008795693 1.8862479515243942e-05 -0.0007384348782851854 nan   
105 10500 4.987050240349002 3216.256929009295 -0.0007757693828110528 -7.6350740155878988e-04 -0.0007285479157329289 -0.0006895642365353593 2.0390840791195686e-05 -0.0007364383240598232 nan   
106 10600 5.278050720646984 3076.268194171059 -0.0007757693828110528 -7.7172532316475376e-04 -0.0007280559856576383 -0.0006888349465634696 2.033911088516788e-05 -0.0007372801812494032 nan   
107 10700 4.909984187189338 3203.888137380306 -0.0007757693828110528 -7.6309509490444724e-04 -0.0007273126395457556 -0.0006908070451935095 1.9715288619524232e-05 -0.000737790171939476 nan   
108 10800 4.3890514248757935 3075.8733507700827 -0.0007778510390054118 -7.7785103900541183e-04 -0.0007277554582511713 -0.0006907737639678628 2.2035763028184908e-05 -0.0007387660081207569 nan   
109 10900 4.293681072227566 2909.542358866022 -0.0007778510390054118 -7.6481516484045668e-04 -0.0007316304109992232 -0.0006857014503861705 2.015898197069285e-05 -0.0007416710907988784 nan   
110 11000 4.259976139833088 3048.533205925962 -0.0007778510390054118 -7.7426054209505941e-04 -0.000728256588810919 -0.000692781131548707 2.1099736211226214e-05 -0.0007407243111275847 nan   
111 11100 3.976554383932092 3248.436482072062 -0.0007778510390054118 -7.5968275970945943e-04 -0.000726803620354371 -0.0006913778309248878 2.3237735014464828e-05 -0.0007405721972098989 nan   
112 11200 3.9580426746729542 3300.4913655927608 -0.0007778510390054118 -7.7677089490892700e-04 -0.0007302599013652671 -0.0006913592949181573 2.0337671929408427e-05 -0.0007386819184714431 nan   
113 11300 3.7826393020922584 3350.6461808138465 -0.0007778510390054118 -7.6618503302461002e-04 -0.000727612742313953 -0.0006920908843714752 1.9579400496103332e-05 -0.000739158447438288 nan   
114 11400 3.718443085865594 3202.8955884615093 -0.0007778510390054118 -7.6018078118080641e-04 -0.0007283772130445048 -0.000699893402826325 2.177671379216485e-05 -0.0007380738295365874 nan   
115 11500 3.608071628755556 2952.4086054085546 -0.0007778510390054118 -7.5622323777189081e-04 -0.0007304196207762789 -0.0006884943007464168 1.712752006724841e-05 -0.0007400632941410688 nan   
116 11600 3.2674217413747173 3073.9123811852787 -0.0007778510390054118 -7.6000406542924221e-04 -0.0007255473559034008 -0.0006932759996970981 2.2122767575055778e-05 -0.000739412197967418 nan   
117 11700 3.3962252155260546 3015.5256721865126 -0.0007778510390054118 -7.6599710751425263e-04 -0.000735009363369608 -0.0006956186772248956 2.1575195096851458e-05 -0.0007443255303457984 nan   
118 11800 3.2688016498039723 3249.103606014166 -0.0007818480780571674 -7.8184807805716742e-04 -0.0007271028821197347 -0.0006887961485824146 2.166874776659601e-05 -0.0007384639078041751 nan   
119 11900 3.1923587029833733 3080.023144908578 -0.0007818480780571674 -7.6784453433555015e-04 -0.0007255550159795289 -0.000684166369347356 2.0666699485904767e-05 -0.0007380946490340061 nan   
120 12000 3.0539559140071586 3259.2534551673402 -0.0007818480780571674 -7.6751700626847424e-04 -0.0007291462592590142 -0.00069406039334604 1.5932888438946404e-05 -0.0007381672812469076 nan   
121 12100 2.920141226584901 3535.6567139211375 -0.0007818480780571674 -7.6611488668732451e-04 -0.000727748762577965 -0.000686469191538572 1.9059325505960383e-05 -0.0007382058179666211 nan   
122 12200 2.899601871552463 3923.7221565495247 -0.0007820238338122404 -7.8202383381224035e-04 -0.0007290665219554736 -0.0006989217800913387 2.2008581878121434e-05 -0.0007409378872609668 nan   
123 12300 2.6388685803014047 3664.037456070314 -0.0007820238338122404 -7.7195511919784100e-04 -0.0007291127543389223 -0.0006932504216206845 2.210014585579147e-05 -0.0007402047539736145 nan   
124 12400 2.638248844656185 3848.6861308858724 -0.0007820238338122404 -7.6796858891658472e-04 -0.0007282921393655252 -0.0006862235950741269 2.0486523133187058e-05 -0.0007398069198501825 nan   
125 12500 2.55603595952819 3770.8138525334384 -0.0007820238338122404 -7.7110292201767062e-04 -0.0007289338090321648 -0.0007001133568428238 1.4838094977121961e-05 -0.0007372436380875024 nan   
126 12600 2.452110521628981 3714.5034511986187 -0.0007820238338122404 -7.6346604977989697e-04 -0.0007342744975887856 -0.0006853047829073205 2.2607655257400865e-05 -0.0007418478078517355 nan   
127 12700 2.310905164835733 3678.768166342246 -0.0007820238338122404 -7.6449504244097295e-04 -0.0007308129630108225 -0.0006903581016064941 2.065654861469618e-05 -0.0007400593745344348 nan   
128 12800 2.341503747720008 3594.547127789693 -0.0007820238338122404 -7.6815480869125193e-04 -0.0007304618764642695 -0.0006922034736743598 1.9878950658448855e-05 -0.0007402480923803006 nan   
129 12900 2.4937977859358527 3491.744682132759 -0.0007820238338122404 -7.6490864594312420e-04 -0.0007310744813056002 -0.000689397694504314 1.856230971443787e-05 -0.0007411659473531289 nan   
130 13000 2.823234816626595 3813.2519415207585 -0.0007820238338122404 -7.7108003067152711e-04 -0.000731737992270406 -0.0006987433348178997 1.695464206940818e-05 -0.0007395599059099378 nan   
131 13100 2.717893088263276 4257.304697180871 -0.0007820238338122404 -7.6705356499830527e-04 -0.0007303539750780049 -0.0007021031100312064 1.99079057470506e-05 -0.0007406733457410777 nan   
132 13200 2.66080846890901 4115.895149895372 -0.0007820238338122404 -7.7229393565519033e-04 -0.0007328180759915426 -0.0006973932088614353 1.7746379579902574e-05 -0.0007408170636192924 nan   
133 13300 2.5764674778907364 4140.787279037269 -0.0007820238338122404 -7.5788237554704147e-04 -0.0007294277763656375 -0.0006937534925542087 1.644465939297751e-05 -0.0007381519162775697 nan   
134 13400 2.3960843480237486 4163.213021107827 -0.0007820238338122404 -7.7232000015865277e-04 -0.0007318367461017804 -0.0006963856932574381 2.181243841783715e-05 -0.0007428652380291514 nan   
135 13500 2.40651352034658 4722.194479414658 -0.0007820238338122404 -7.6516472364858684e-04 -0.0007281750044016406 -0.0006881539514330851 2.3626248526827163e-05 -0.0007419348781936125 nan   
136 13600 2.4074651013827144 4997.544217800413 -0.0007820238338122404 -7.7000050765369855e-04 -0.0007295788865782434 -0.000677633548622323 1.9958736824069682e-05 -0.000740436470116256 nan   
137 13700 2.241767065370616 5074.859170549123 -0.0007820238338122404 -7.7513889195955177e-04 -0.0007314302743103795 -0.0006995178459953561 1.7244635902360418e-05 -0.0007418797146419366 nan   
138 13800 2.2180856825607456 4899.648069258424 -0.0007820238338122404 -7.6901904940331251e-04 -0.0007298864495355088 -0.0006931486991198761 2.130461825894988e-05 -0.0007391277968390173 nan   
139 13900 2.2132572682058607 4908.499280620445 -0.0007820238338122404 -7.5888125547196139e-04 -0.0007283716577438886 -0.0006911193185519112 1.9018547235105307e-05 -0.0007370596577543408 nan   
140 14000 2.1275647217934814 4877.799631881056 -0.0007820238338122404 -7.7822383202786293e-04 -0.0007328909320421717 -0.0006986764688038759 1.8216408539211294e-05 -0.0007421371483977799 nan   
141 14100 2.051687657286349 4586.33230409948 -0.0007820238338122404 -7.6490100442981254e-04 -0.0007290867950305213 -0.0006881380255332058 1.843711687673881e-05 -0.000739636490374333 nan   
142 14200 2.101153545885954 4975.2290847383365 -0.0007820238338122404 -7.7210551256066474e-04 -0.0007287538479570705 -0.0006911511440190719 2.3497967760381742e-05 -0.000739660559581867 nan   
143 14300 2.211998145430943 5381.309460462271 -0.0007820238338122404 -7.6451398365576825e-04 -0.0007314610897935393 -0.0006779483637461973 2.1979501127055963e-05 -0.0007415123074646034 nan   
144 14400 2.3752061033596945 5563.407851821398 -0.0007820238338122404 -7.5946294847286234e-04 -0.0007277983146273044 -0.0006960970191353801 1.9206530244648447e-05 -0.000738263114639536 nan   
145 14500 2.296807807386743 5697.905941789456 -0.0007820238338122404 -7.6578427119517204e-04 -0.0007299243597440401 -0.0006993500769497971 2.1658343409086027e-05 -0.0007406083003601213 nan   
146 14600 2.3489468202475634 5880.600291027456 -0.0007820238338122404 -7.5797506171303554e-04 -0.0007300647762371084 -0.0006889141013511624 2.0266001247799077e-05 -0.00074083725248585 nan   
147 14700 2.351927852613367 5315.491977286048 -0.0007820238338122404 -7.6992676704420093e-04 -0.0007268430133310801 -0.0006971610140300105 1.6581205426565945e-05 -0.0007346098159025818 nan   
148 14800 2.2642158967411747 5665.865312970177 -0.0007820238338122404 -7.6043832866862465e-04 -0.0007271344077704017 -0.0006967845823893294 1.8809840326361612e-05 -0.0007374702993536599 nan   
149 14900 2.0881202719327945 5800.654014146654 -0.0007820238338122404 -7.6855964069658242e-04 -0.0007300396538717775 -0.0007003707871446274 2.372989544556926e-05 -0.0007446938239590777 nan   
150 15000 2.0824428838436075 5978.413881603704 -0.0007820238338122404 -7.6612051418327638e-04 -0.0007241319202859501 -0.0006891121057788237 2.0406819336793447e-05 -0.0007352157624494224 nan   
151 15100 2.1350461432332404 5480.069150467127 -0.0007820238338122404 -7.6109189411223161e-04 -0.0007246411239662875 -0.0006947042383773528 2.089081293859033e-05 -0.0007364386325149862 nan   
152 15200 2.0054151676907743 5435.411140073177 -0.0007820238338122404 -7.6381834660778824e-04 -0.00072627605823867 -0.0006868711857357015 1.9573244038378532e-05 -0.0007385562908040546 nan   
153 15300 1.9741877891302595 5582.656668646447 -0.0007820238338122404 -7.6901847251751167e-04 -0.0007295608318045449 -0.0006969818497622566 2.0099312928601744e-05 -0.0007391200483710901 nan   
154 15400 1.9404481805842475 5376.351410178891 -0.0007820238338122404 -7.6657638268855797e-04 -0.0007313426405350312 -0.0006963558411451738 2.6356972075584147e-05 -0.00074240895149701 nan   
155 15500 1.9925214877826982 5329.815126884757 -0.0007820238338122404 -7.6674111102335201e-04 -0.0007300624180709362 -0.0006975911446598537 1.8457389370448796e-05 -0.0007393102376543584 nan   
156 15600 1.999001838605279 5386.688800440578 -0.0007820238338122404 -7.5836249788215104e-04 -0.0007301827135266477 -0.0007043891456234182 1.522812439483075e-05 -0.0007384231725116128 nan   
157 15700 1.9713769623880764 6161.158934906893 -0.0007820238338122404 -7.6474202717984735e-04 -0.0007263681598035182 -0.000695126798734462 1.9324477316493005e-05 -0.0007382154676824268 nan   
158 15800 2.1640930025914336 6673.27574422017 -0.0007820238338122404 -7.7543596945421265e-04 -0.0007286969704365216 -0.0006921075152733867 1.944492812282531e-05 -0.0007401477884621777 nan   
159 15900 2.1325088201143467 6946.141018641546 -0.0007820238338122404 -7.7261557050050723e-04 -0.000728680950501164 -0.000697184382869704 2.3059250910700173e-05 -0.0007407003968030244 nan   
160 16000 2.307639237872261 6961.778409028993 -0.0007820238338122404 -7.6764256465693570e-04 -0.000727044817570376 -0.0006975919225525519 2.1029992084265858e-05 -0.0007396641498627594 nan   
161 16100 2.253498740561266 7380.637210592114 -0.0007820238338122404 -7.5090329976399523e-04 -0.0007299342325906941 -0.0006928149725948572 1.7201360787434975e-05 -0.000737728128342286 nan   
162 16200 2.1662842420932957 7353.843824734216 -0.0007820238338122404 -7.6733992771006179e-04 -0.0007307636096830247 -0.0006940462425074239 2.0262907802806617e-05 -0.0007415873765005336 nan   
163 16300 2.3934472904931905 7319.650976057182 -0.0007820238338122404 -7.6002849839779032e-04 -0.000730348852540186 -0.0006970629253493428 2.2110112530915674e-05 -0.0007454490170106071 nan   
164 16400 2.596535794554965 6903.341875550137 -0.0007820238338122404 -7.6278263668382311e-04 -0.0007311708647990247 -0.0007033538177993024 2.0125672002796143e-05 -0.0007419307718166857 nan   
165 16500 2.671558206098851 6923.981377401182 -0.0007820238338122404 -7.6467581844206144e-04 -0.000729153978086427 -0.0007027285693242353 2.122177849963496e-05 -0.0007404972035289017 nan   
166 16600 2.7757681815079014 6810.967609846062 -0.0007820238338122404 -7.6580996532330707e-04 -0.0007306950130914887 -0.0006839709214732045 2.0588346462509818e-05 -0.0007411244536140638 nan   
167 16700 2.7944109038463405 7524.878301547027 -0.0007820238338122404 -7.6969493200280980e-04 -0.000729207881656258 -0.0007013896146000825 1.8368352533095107e-05 -0.0007376614795777839 nan   
168 16800 2.71523831798847 6980.525932336798 -0.0007820238338122404 -7.5848372173799360e-04 -0.0007312936631416664 -0.0006797178026478874 2.1376634301645964e-05 -0.000740059254686122 nan   
169 16900 2.77598698036272 7353.194536590505 -0.0007820238338122404 -7.6320042622265202e-04 -0.0007295240058740439 -0.0006985228855285265 1.7501851873342545e-05 -0.000737425835129601 nan   
170 17000 3.1805226302312652 6843.181129414237 -0.0007820238338122404 -7.7364691998913545e-04 -0.000733650003143771 -0.0007006291803528065 2.374990575612038e-05 -0.0007416814588550039 nan   
171 17100 3.0186043921621137 7638.833867074114 -0.0007820238338122404 -7.6232252831843182e-04 -0.0007305457001898797 -0.0006875721659511088 1.906620688713512e-05 -0.0007380102822406669 nan   
172 17200 2.928048645924695 8619.115503279176 -0.0007820238338122404 -7.7071347539841672e-04 -0.0007293382780324584 -0.0007041023886296001 2.055311090207201e-05 -0.0007389445095424559 nan   
173 17300 2.813244367968861 9170.109720804088 -0.0007820238338122404 -7.6418187901151360e-04 -0.0007278573454781049 -0.0006835980785695021 1.9232528801909482e-05 -0.0007372135646828957 nan   
174 17400 2.4997653774706388 8579.626029109895 -0.0007820238338122404 -7.7436454557430821e-04 -0.0007277520216293665 -0.000697259585058493 1.607171351221729e-05 -0.0007370894854757399 nan   
175 17500 2.440042412115788 8919.181635948484 -0.0007820238338122404 -7.6438572786852676e-04 -0.0007291797532727389 -0.0007000057885643041 1.9753898068687625e-05 -0.0007380173206488848 nan   
176 17600 2.3213395719520853 8864.97531240814 -0.0007820238338122404 -7.6777047615111059e-04 -0.0007293308139607821 -0.0006893428949681019 2.5300605699141252e-05 -0.0007440715735522205 nan   
177 17700 2.4670992551091424 8584.62340274883 -0.0007820238338122404 -7.7004206263885046e-04 -0.0007312808586009161 -0.0006860868844910033 2.2794109611882314e-05 -0.0007415997398033517 nan   
178 17800 2.3282542505211237 9601.403245668425 -0.0007820238338122404 -7.6405897978381947e-04 -0.0007282158955555931 -0.0006925948970990783 2.1662069520315703e-05 -0.0007401964060095251 nan   
179 17900 2.11709964867285 10116.1820485315 -0.0007820238338122404 -7.7851400914432040e-04 -0.0007316475552834651 -0.0007004889381572259 2.0518481104426448e-05 -0.000743785561161318 nan   
180 18000 2.083797899647493 11072.309574748835 -0.0007820238338122404 -7.6885457856074046e-04 -0.0007294435923324863 -0.000692022980474107 2.310192954218496e-05 -0.0007411220238352511 nan   
181 18100 2.1663168577473577 11437.69859098134 -0.0007820238338122404 -7.6659130595694409e-04 -0.0007287904828981573 -0.0006879410325850481 2.0613984593450337e-05 -0.0007401993744006775 nan   
182 18200 2.33781608184187 12421.105927732997 -0.0007820238338122404 -7.6557579700215590e-04 -0.0007286199415806193 -0.0006951975606565067 1.6305519386750284e-05 -0.0007363725542468332 nan   
183 18300 2.4830087007480905 13167.077718863571 -0.0007820238338122404 -7.6189310741039149e-04 -0.0007317330171134245 -0.0006950959432351658 2.146587591474701e-05 -0.0007407285380252565 nan   
184 18400 2.379838645074599 13047.318945308956 -0.0007820238338122404 -7.6365532653780333e-04 -0.0007289925127204087 -0.0006900454411254774 1.9346586287338394e-05 -0.0007407160157551776 nan   
185 18500 2.5522401100697363 13060.95574160609 -0.0007820238338122404 -7.6481614122781848e-04 -0.0007293995034238353 -0.0006863031256185379 1.9979833169152532e-05 -0.0007379389490841996 nan   
186 18600 2.5597948070287453 13648.414183199728 -0.0007820238338122404 -7.7283445069430134e-04 -0.0007291398558259749 -0.0006951797867872663 2.081806168769784e-05 -0.0007404720425614707 nan   
187 18700 2.456874459049335 13224.832634021353 -0.0007820238338122404 -7.7051870989469759e-04 -0.0007324378710979232 -0.0006895363229697686 1.776652453413369e-05 -0.0007411491573601365 nan   
188 18800 2.446608011962127 13002.676416164733 -0.0007820238338122404 -7.6491251264508835e-04 -0.0007300733776721382 -0.0007042886799923037 1.7176721245171374e-05 -0.0007380092912684836 nan   
189 18900 2.6856739347118035 14844.684864141233 -0.0007820238338122404 -7.6925639681391274e-04 -0.0007293614034414418 -0.0006910756032669603 1.9995194341509114e-05 -0.0007391564769017322 nan   
190 19000 2.637642759009533 15568.140927089536 -0.0007820238338122404 -7.6913958887483709e-04 -0.0007313693474548583 -0.0006913828079902492 2.2285632408670063e-05 -0.0007417261677183687 nan   
191 19100 2.782441192700656 15481.56545960879 -0.0007820238338122404 -7.6752732522962399e-04 -0.0007271408827770814 -0.0006981734295284034 1.6271287746858995e-05 -0.0007349602016294336 nan   
192 19200 2.640919641069602 15059.41045203181 -0.0007820238338122404 -7.5965216575960264e-04 -0.0007323540894161176 -0.0006893029105147998 1.9123422411251824e-05 -0.0007399935988645176 nan   
193 19300 2.57906347417687 16154.557123184999 -0.0007820238338122404 -7.5587637885280031e-04 -0.0007284320737674545 -0.0007029491434088552 2.190541170774647e-05 -0.0007388877481669196 nan   
194 19400 2.370826348932909 14208.381972162284 -0.0007820238338122404 -7.5987688944492921e-04 -0.0007303710933484741 -0.0006914006847130876 2.2701613041429007e-05 -0.0007398269761123205 nan   
195 19500 2.365122041648701 13117.128403827632 -0.0007820238338122404 -7.6151927634819389e-04 -0.0007305614327056295 -0.0006976317205767364 2.1673817507689955e-05 -0.0007439704111975596 nan   
196 19600 2.3152934172841952 12390.332273027403 -0.0007820238338122404 -7.6523202394431584e-04 -0.0007280286968276953 -0.0006956925951345946 2.0225869251454904e-05 -0.0007395556270728202 nan   
197 19700 2.449253911251806 13759.524721475613 -0.0007820238338122404 -7.6363395074425947e-04 -0.0007292130123051084 -0.0006934505211530496 2.117772007847801e-05 -0.0007386945810271865 nan   
198 19800 2.3812411396357938 14469.781152552614 -0.0007820238338122404 -7.6723169232566061e-04 -0.0007316439229754069 -0.000692649422602098 1.6421349456558604e-05 -0.0007390589109187414 nan   
199 19900 2.4018931711929534 15305.874003135668 -0.0007820238338122404 -7.8013355886205561e-04 -0.0007312726224511677 -0.0006930846123955739 2.091737442807282e-05 -0.0007411447299993067 nan   
200 20000 2.3724306962344617 16724.771937160047 -0.0007820238338122404 -7.7137937379456322e-04 -0.0007308124824207826 -0.0007038737686016261 1.8451796468667986e-05 -0.0007395263042652518 nan   
201 20100 2.3037642616064935 17300.84276204756 -0.0007820238338122404 -7.6453630622472322e-04 -0.0007327597623596312 -0.0006985726499057492 1.9474747285268832e-05 -0.0007407187542949553 nan   
