% # columns="iteration, evaluation, sigma, void, void,  stds==sigma*sigma_vec.scaling*sqrt(diag(C))", seed=42, Tue Oct  7 17:01:39 2025, <python>{}</python>
1 100 1.14230810172284 0 0 1.115063987294826 1.2482604316239059 1.0951871996542932 1.060934915904348 1.1688650079585967 1.0735549251806658 1.0737222743717485 1.1345994079054755 1.103286567162086 1.1489579042631348
2 200 1.3556450272201985 0 0 1.280760762340198 1.4892246461793264 1.305517676611412 1.225896596968212 1.3341921339031035 1.2528999314856732 1.2720335220215273 1.3757361190677633 1.3371162360948596 1.293450220781228
3 300 1.4244095816710094 0 0 1.3011958191078183 1.5539819588569415 1.3235619499406268 1.2418160986857212 1.4342913464521512 1.3706971009133202 1.387283993787745 1.4716653433013303 1.4108847189669467 1.2503904995334665
4 400 1.6197441487503363 0 0 1.4175502691224486 1.8615614221578967 1.6553827550523166 1.352162826668262 1.6923962999826796 1.5383685748372988 1.522684002019702 1.6958527259415992 1.742311475865227 1.430253062527514
5 500 1.5337660698276863 0 0 1.2954583124719339 1.7265611216633565 1.5898593684372173 1.2231609241938415 1.6326801876001769 1.4253369173012567 1.4572907674236024 1.6759722600662084 1.6301735791183654 1.338116622294137
6 600 1.6231092852457387 0 0 1.4548397892065152 1.8449759625330868 1.641570855442157 1.3812356816385354 1.5908255799181004 1.589399329261022 1.5669081777746745 1.736261350101592 1.6752801839472977 1.3343273977595558
7 700 1.7038131769282479 0 0 1.4973494465243162 1.9042887514455245 1.6782709610460607 1.4256667022924059 1.6505853345160892 1.8059621463700193 1.6619155102388583 1.794519218765747 1.9650402338728687 1.4018368912095285
8 800 1.811531066338327 0 0 1.6447012889661548 2.116024375772036 1.7960460296635066 1.4348599813954475 1.8748857653887439 2.001489208101489 1.8221753794529656 1.7736849004313875 2.096646169838996 1.3495136707754958
9 900 1.8481448038306139 0 0 1.6953598518483604 2.088435574329751 1.778218245292715 1.5944239203710524 1.9120798998763642 2.1363210136020276 1.9956366021463012 1.991414558607442 2.170837111825819 1.2610458693258004
10 1000 1.856405321794659 0 0 1.6692807987430864 2.0452463296273917 1.67510506744554 1.6905793988148259 1.8582560347497685 2.145172775385438 2.027980995634586 2.034979963489817 2.1776384234740473 1.2255499250511939
11 1100 1.9721659158222478 0 0 1.8517288326895274 2.2417596735972976 1.6280361614849124 1.8417229079326594 1.9770729004961376 2.3845722175017805 2.1144528981703252 2.107541069885478 2.401301385608348 1.2039610616333567
12 1200 2.020692314997262 0 0 1.8970040325295414 2.2203227734387587 1.7109471623279908 2.1075778075055904 2.0691560636323545 2.5376827425926742 2.118508323178405 2.3802709787761613 2.627767696382345 1.1665900915076892
13 1300 1.9574051363255764 0 0 1.753331439714062 2.3153406009978914 1.7038561006469612 1.9825399422969476 2.080051427054898 2.3271500315215334 1.8965245758719778 2.3923950643395657 2.6258498038686 1.0749596184115837
14 1400 1.7903985901248707 0 0 1.5873329230585689 2.1543689938799875 1.5795899513813054 1.9074462898212126 2.0009066168675305 2.1106038079928857 1.6319718062876636 2.2503674241321874 2.438794139291416 0.934712338485162
15 1500 1.7182006686337536 0 0 1.4732837513018753 1.9846302421779822 1.7485807030912563 1.7759822035005917 1.9029039927903637 2.1043904057448293 1.672179357324024 2.1326798908326903 2.251816350436811 0.9081291977645833
16 1600 1.8185212901288499 0 0 1.5647705141151045 2.3328955576090125 1.804783659539133 1.8662124847647297 2.0652603364556796 2.3692017286531795 1.819395119607554 2.3130614536205862 2.450286616178349 0.9461224060175819
17 1700 1.7860990545127242 0 0 1.4481595424500613 2.303773744535795 1.6942503630028225 1.8148135441808362 1.989139299905772 2.3289579240026765 1.8149753557196293 2.410417609542024 2.486284232601012 0.9447664789703432
18 1800 1.8622831817589356 0 0 1.4649858410727084 2.371815805164202 1.7313047188446937 1.897127862494342 2.1847945919209213 2.355697527385647 1.8798794915827348 2.588824406994613 2.533049049131953 0.9387988748508975
19 1900 1.7689410158234078 0 0 1.3626573754452345 2.1964232493479394 1.6644630367973914 1.840347610957556 2.079694607924688 2.1861702478032314 1.6549784221938195 2.4905686634158926 2.3152288561591416 0.867214276601345
20 2000 1.7941631619279397 0 0 1.3531545155069304 2.2337525604155357 1.5481202112459174 2.1448893251995655 2.2399460243478657 2.1906855659398246 1.7358206375959362 2.7215638792639143 2.334799439492752 0.8085457592381077
21 2100 1.9950860463389701 0 0 1.5239655369902967 2.360827846354383 1.7137619717979535 2.3799244333061345 2.5771175104460053 2.3909236548187986 1.9093207443932105 3.230710496016974 2.448614662169099 0.911581743007992
22 2200 1.99305966014083 0 0 1.4375176311823088 2.4058235761566324 1.6415591259739752 2.2529927848933573 2.6542625460786335 2.3864552705543045 1.805726185855292 3.2802348174661957 2.288546579816746 0.8198883930334242
23 2300 2.055465322719342 0 0 1.4904665116105582 2.4276093577545437 1.6649088273456905 2.18287602592857 2.6669403411799544 2.4624139390242505 1.8660615905119007 3.2670975088300818 2.3116733441121315 0.7847823026428887
24 2400 1.9979803100238145 0 0 1.4448658766352405 2.247159651403394 1.4734244635595906 2.0961542740861523 2.5007823268064238 2.2749575101947594 1.8194437595373725 3.0934568264016598 2.208081218195931 0.6920892963872806
25 2500 2.0100032696498586 0 0 1.32705907667315 2.249469923920358 1.540368285506159 2.086673191591795 2.4332484240212153 2.2016664181169845 1.7819684749282028 3.0225379993991397 2.1140658262324656 0.6302313048848717
26 2600 2.112200049125294 0 0 1.282243815115737 2.248405740112336 1.5935798426827228 2.252930980192192 2.591258134946529 2.234323833899885 2.060661960031743 3.064307320749434 2.111928486023784 0.6193623122148
27 2700 2.0651376510956045 0 0 1.19045656579339 2.2933001164211215 1.4975891933014347 2.158509059539151 2.6835136171013074 2.177995125537814 1.9613187284504068 3.03758509605206 2.0450456986458954 0.5703340616938778
28 2800 1.997337150947997 0 0 1.068481866625506 2.3425565929119063 1.3730210050226643 2.0109764242100225 2.580816201116139 2.100954106708642 2.0102891841089696 2.958968329314231 2.0473937701912948 0.5139897578639664
29 2900 2.3553205291914634 0 0 1.2477840992514704 2.6105997173209765 1.6986705998252813 2.33028509456264 2.9043715833793176 2.4382869413341552 2.365600044831583 3.3147746284229527 2.2542893513407196 0.5494479651073487
30 3000 2.2108552555179783 0 0 1.102233149666913 2.431956366457149 1.6128663489712154 2.086924066984433 2.5792093288819142 2.1588651764695412 2.2941977883489155 3.221766799386551 1.9423805142639559 0.4861087683877467
31 3100 2.323443105473297 0 0 1.2322709715820073 2.686482970966632 1.6351806698490081 2.2585080568926803 2.7764265892752613 2.2231700300543706 2.197692521592679 3.148399270318073 2.085655270412973 0.45570506079464007
32 3200 2.5369659651684957 0 0 1.278587634278948 2.976465637234633 1.942039797701412 2.3931583392375604 3.1265900409014353 2.2323511454462173 2.3190762281396737 3.310559860405686 2.16123710087321 0.46515633189635314
33 3300 2.432651509214565 0 0 1.188993472233932 2.8140764512263345 1.7627563541671363 2.280608322041603 2.938837434181499 2.275927446326397 2.1948574330958732 3.190406942279328 2.2556970709261748 0.3962540603746964
34 3400 2.4983740092955355 0 0 1.163096998784616 2.8874054944330894 1.8143014818422072 2.257320533667127 3.1078517453056445 2.401945517989707 2.2459441422245603 3.4106912293759755 2.310056737282353 0.3632533557657532
35 3500 2.6847780639191834 0 0 1.165090470490581 3.2305461062279504 1.920992205213185 2.3148906426341145 3.202741548369308 2.591200186724469 2.417302943095101 3.5788079021315373 2.30813626339512 0.3529685305386242
36 3600 2.855255579467719 0 0 1.1363350359362163 3.4431077183691547 2.26611893542953 2.247062442931379 3.3916795531717105 2.8380053009407407 2.4453263609949016 3.8741809042103013 2.559851900618062 0.32907378622288885
37 3700 3.177526749881466 0 0 1.1941793246450936 3.799904622364318 2.5937776437099744 2.4439410653890565 3.6723548810590385 3.1386767287231043 2.7029874569087924 4.525744601528952 2.711139755885708 0.32453935565551184
38 3800 3.551097998436615 0 0 1.2935383428157468 4.477599959409418 3.1065122308361803 2.611022675682101 3.832083679702578 3.455023829853186 2.8830625712993765 5.516851579370602 3.0742167475409614 0.3120755242594494
39 3900 4.028529143342286 0 0 1.3895229276537993 5.569595461093573 4.1341281429559995 2.8620051518911676 4.543366077598976 4.059567791282793 3.3330564890408354 6.478693246805375 3.4181137038844804 0.30706597067366403
40 4000 4.608796318685347 0 0 1.5219015682395318 6.951301516620783 5.144031449413987 3.3089370642234877 5.368426980769083 4.835666029587553 3.6705541773038783 7.501150240391688 3.83501139780289 0.3058762423980435
41 4100 4.889192421031078 0 0 1.532087173151324 7.2630709175571715 5.706317470310251 3.2054408232326588 5.823003233102422 5.413010739412209 3.774953354397021 7.919792718269049 4.019936065525289 0.28537230483999565
42 4200 4.428014712109594 0 0 1.2896961872498254 6.313910932480611 4.935533061884802 2.7638062015027876 5.01155801943293 4.995470299876679 3.3728027927276063 6.986144436035437 3.8138273126713496 0.23127266337272054
43 4300 4.542662439589839 0 0 1.1601337642298684 6.481284456157172 5.1486646178287625 2.445057514686017 5.333773041119908 5.255102426646731 3.5095155168318133 7.263825315337914 3.862030218788755 0.2034403912463649
44 4400 4.652618625128392 0 0 1.1111432856961851 6.727538761236462 5.339378542341755 2.297126458610876 5.312633152513541 5.425669275280081 3.5061393249816537 7.215504191230862 3.847198963959064 0.18011049644680563
45 4500 4.422583013791422 0 0 0.9473699186599047 6.554092721863225 4.946726967014036 1.90780059679192 4.893042081859137 5.232057110016311 3.269157466003969 6.955560447875264 3.539841293384819 0.14752426365016338
46 4600 4.384512159070566 0 0 0.8477790275367199 5.912215625508381 4.521024467945459 1.7023630234827998 4.965585909711655 5.099823137049709 3.1153251375129365 6.538244972306487 3.8887440878759274 0.13057446353971444
47 4700 4.186919566910362 0 0 0.7348918359424026 5.834145469176911 4.291306233026611 1.4874621264065262 4.8794942796154865 4.9443308975418425 2.8232832824461864 6.1894252080991405 3.771008073812453 0.10979106141179769
48 4800 4.434042522140961 0 0 0.6962219939145716 6.49777891036095 4.38575258769156 1.364931560772758 5.0847574153074415 5.388959769845355 3.0545191269645793 6.433039429783695 4.178221751000708 0.10811996938158629
49 4900 4.073284352350541 0 0 0.5855604608462311 5.798743527134593 4.021387769265535 1.1156630923829036 4.731248641572403 4.97756034254684 2.7491002795355715 5.598843429214647 4.079290105000734 0.09317912947555321
50 5000 4.218361176445383 0 0 0.5575361901124002 6.077201902937773 4.196792193031269 1.038298149450838 4.746043199753721 5.0787682837282535 2.8301012511031636 5.642927731821545 4.063977607532403 0.08840139628534727
51 5100 3.8107223770096197 0 0 0.4768919022095396 5.29414120912051 3.9077334971263653 0.8425350371718621 4.2895320201433895 4.478209967705038 2.55326129330377 5.029333919147624 3.5651096425436255 0.0760485035285704
52 5200 3.9709361216204107 0 0 0.47403919239675374 5.324596026435852 3.844757884217282 0.8112979498634343 4.339362831053846 4.533362230460673 2.673094788285349 5.0766297252327535 3.58727792265099 0.07674995418545684
53 5300 4.182767427115634 0 0 0.4375578448096496 5.452164029990409 3.966571638364046 0.727671950894828 4.4605157763928185 4.860052711628395 2.9267381088194226 5.201748551678335 3.835916960830043 0.0755049420363643
54 5400 3.835310090153021 0 0 0.38798865171282143 4.88304262733037 3.6274072484671294 0.6117562346086703 3.9199645321748307 4.370552119174424 2.63858654158668 4.734077189247558 3.543184024540358 0.06573660338244162
55 5500 3.586234243081692 0 0 0.33533279825444523 4.169928987142302 3.3004327570138354 0.5001499197353324 3.4595897612554034 4.2326739107993 2.474557250308233 4.507038781505807 3.316464145356329 0.05902814194655521
56 5600 3.8901497590436094 0 0 0.33095243397611784 4.211265194439864 3.5121301854169467 0.4613341683229684 3.6630271757063766 4.699283420014044 2.8918758194002 5.071733735749081 3.6553105035824798 0.05933155600535988
57 5700 3.9828723402098065 0 0 0.3376393672844883 4.203827961702004 3.63401101151173 0.4455017559341707 3.4027130059648147 4.75959355053542 2.989727288394142 5.2875981481397165 3.6056002619182865 0.05966019269017151
58 5800 3.9397940746610707 0 0 0.29685283939128615 4.086699792884439 3.485928096052013 0.3810918917694059 3.4117220182167087 4.671211128939155 2.8545280471977135 5.252916669911197 3.7255715662484046 0.052253281495805055
59 5900 4.260930268449015 0 0 0.29192570651957467 4.270941196218678 4.1637798738918015 0.37029232242237897 3.570685814483425 5.053591907645577 3.1150770308629103 5.765791833217723 3.968543719657848 0.053095040116086484
60 6000 4.4607375248737435 0 0 0.28145140361021054 4.568243924057534 4.090430650075079 0.34148747487509185 3.8755833074989363 5.393990222046954 3.3397069750078314 5.8460548777422625 4.225020216645825 0.05164071948995275
61 6100 4.831959914926587 0 0 0.2801470211829151 4.646218715951655 4.0821589188257335 0.32796543973035897 4.10531647484417 5.733651911739522 3.7199832603730933 6.280950503218348 4.587703507676188 0.05289049898114136
62 6200 5.105184763182906 0 0 0.26170827189204016 4.5949893339733485 4.223460362519825 0.29997620388291923 4.025665897448653 5.9737077423827225 4.076646835600792 7.187506147496337 4.613646996087134 0.04970290478671828
63 6300 5.079804417674664 0 0 0.23315161853841135 4.500874815525662 3.9908113594004617 0.2614672291031809 3.8355041698835364 5.9607470103084434 3.9926089294945415 6.979239435713044 4.7347676470861275 0.04541976390086029
64 6400 5.287680370385958 0 0 0.2363664153973882 4.702909912324695 4.297660769126269 0.261362559639992 4.053403167130457 6.144111306520701 4.21960975157902 7.704867023002366 4.879269275971084 0.04461222986344167
65 6500 6.238865588272756 0 0 0.25034818199646947 5.230549169242193 4.962040368555107 0.272831418362935 4.862837640161946 7.600358692681599 5.128381366761402 9.513523843471123 6.235242837715431 0.0483703400212609
66 6600 6.985757263318762 0 0 0.2664292859866685 5.383531388241565 5.750582045996706 0.2888018995034143 5.212752422975771 8.383606572094127 5.773569613931711 10.877405171038664 7.018816365298226 0.0513546624275005
67 6700 7.547434647047084 0 0 0.2559547467233261 5.606379245466296 5.983271983768506 0.2754017058074688 5.895829302059564 9.06740477345119 6.4241585497707465 11.807878571530114 7.680972002564992 0.05053287605908541
68 6800 7.912340534326195 0 0 0.2367065256541 5.949473345935525 6.154259180977285 0.24703171130398013 6.903044363714699 9.201682420538367 6.7457371433298645 12.220098286820726 7.982340017644094 0.04878023606189832
69 6900 8.14754008961336 0 0 0.2169951302552774 5.532546602639189 6.2787157720144435 0.230141016713323 6.703099585763472 8.93730135246214 6.663627048491146 12.174458518521485 8.175909367255425 0.04356966203025289
70 7000 8.56142344254921 0 0 0.20655376906410114 5.259562345462171 6.962951740747817 0.2175907464655579 6.653881414198652 9.108573659538884 7.342914826218207 13.278239228800437 8.468661585476317 0.04056527365226459
71 7100 8.349877127057733 0 0 0.18253162644355045 4.756323700341455 6.361215300094496 0.189433098777223 6.842658057210377 8.797779203500577 6.843567544184784 12.370083155390292 8.028022205045929 0.0357507962058539
72 7200 7.977191746706688 0 0 0.1525189600755382 4.333415650491205 5.957167219319086 0.1569059535164822 6.4655012837066055 8.710088380957325 6.2900103985028375 11.278478907228278 7.897698407500349 0.02997544663596052
73 7300 7.148255026825088 0 0 0.12878675995273192 3.8443559270077734 5.227499420199835 0.13127663837822937 5.777612272659149 7.486485817746135 5.443652022661192 9.548210005175001 7.3161770669868265 0.024844057171260703
74 7400 7.1099765144742895 0 0 0.1212440308705609 3.619403822936019 5.06600258195094 0.1240622894696459 5.384511146770415 7.03414073934263 4.926305085888986 8.86145711407766 6.540589564259576 0.022647906332438537
75 7500 7.132152795011894 0 0 0.1116228266538726 3.4427401103196393 4.869213726635115 0.1127787415209061 5.801513417899424 6.769558755991939 4.972974534097832 8.879167091790041 6.380665376959804 0.021835687998688007
76 7600 7.466674964842062 0 0 0.10722517958976267 3.8474983013831516 4.940586724650884 0.10710542942306776 6.008749038403887 6.620016683697877 5.392643888841016 8.908887675146252 6.502029868156003 0.021916845286183064
77 7700 8.112845330923111 0 0 0.1114748370088671 4.003918092080382 5.270481630426098 0.10959459717216836 6.654466639823156 7.180272727814513 5.675367433499398 9.849177112783334 7.397254632323221 0.023010088762324073
78 7800 8.125306636120992 0 0 0.10521536231050739 3.935377479507414 5.180515735153782 0.10430528855989869 6.374730912782788 7.250805739424197 5.304073591832931 9.359756421265288 7.532567842242456 0.021706918685968964
79 7900 7.696580963560769 0 0 0.09191611162277226 3.499431775504214 4.768641122691855 0.09073663278953613 5.912711635077965 6.83026843712395 5.198200083994402 8.734478758930438 7.254206293782744 0.019380238756053145
80 8000 8.44888501688104 0 0 0.10005094570551107 3.662173778228543 4.948486462832513 0.09926510189400006 7.201752006493652 7.790961780924669 5.828528512964386 10.049523794095967 8.731886562469898 0.020517948051757606
81 8100 9.522237112460417 0 0 0.11211634135948377 4.023132414681656 5.340833584385773 0.1144354323762244 8.557105056966837 8.635847862770309 6.449295294067704 11.19769995138179 10.232736606418822 0.022049838133060686
82 8200 8.977423288994956 0 0 0.09572202523298703 3.5786763562012704 4.868999616312 0.09963438453330005 7.9269196975356335 8.300025420566664 6.436713130584715 11.254462221317763 9.581455847233071 0.01879976286605253
83 8300 8.120684742742585 0 0 0.0848541536860734 3.033970135811961 3.957836692848917 0.08808696756404305 6.92205154524628 7.443446579087865 5.435069443244092 9.52098445812113 8.646201549861104 0.017080276090434714
84 8400 7.6917278718311906 0 0 0.07809010767307378 3.0123843321683377 3.719025953087798 0.07908582648178046 6.099666522090845 7.114151609599069 5.325192765570225 9.086948760378363 7.864008890221836 0.015897218499786182
85 8500 7.714853886106572 0 0 0.07449364015226316 2.9699210182263323 3.6314155235918846 0.07673165655820649 6.251612598013538 7.373314090067356 5.218072474637422 8.903203483162622 7.975112040557212 0.015184385714725248
86 8600 6.898711755216838 0 0 0.06367892004953919 2.5400611703315508 3.1201570561054037 0.06574684005336635 5.222753117873621 6.160715099900514 4.33064318264239 7.3268198129605056 6.585852519876751 0.01315429727177237
87 8700 6.594830738320863 0 0 0.05748812101638332 2.429210266925327 3.0223947589039746 0.06117463343493997 5.0093183140170785 6.150462742956766 4.323784352789768 7.1798505051133255 6.640026832082977 0.012135108065994018
88 8800 6.680604185839895 0 0 0.05642767494073345 2.3295770348768605 2.847209881878674 0.05958920818249942 5.522292560308374 6.594281159253887 4.6796258490609075 7.158775179134714 7.213167880381934 0.011748381662257654
89 8900 6.575423843603574 0 0 0.056492847906013666 2.247047397415475 2.7543154068040123 0.058858941163495285 5.254023631355183 6.277735549245556 4.484312555172556 6.91332309188132 6.695314106894097 0.01120574494019459
90 9000 6.335612250951271 0 0 0.05285456538607005 2.12895957402026 2.71066823453554 0.05392664308365709 4.963751179327929 5.759601512444376 4.302039794974569 6.6711066339488285 6.092587049515577 0.010691196896587662
91 9100 6.675290484505776 0 0 0.05726281665016119 2.14010821835207 2.8373789052837886 0.05764240191481992 5.019079636080324 6.034318849723957 4.567379165331698 7.111931620520743 6.354427869389836 0.011291739542260239
92 9200 6.750553782739136 0 0 0.053854104211407336 2.1785065642333916 2.6834681947589774 0.05418720117579708 5.114804450660473 5.927148217676891 4.4997955002390535 6.981816164191086 6.058932644140992 0.01071194434923634
93 9300 6.8960033422865195 0 0 0.05598841468283828 2.1626742854760264 2.6833364339770136 0.05521538464083521 5.468618414093222 6.283940098070795 4.392518625672252 7.11864831795054 6.316619851297695 0.010842796063100261
94 9400 6.457502686158916 0 0 0.051695716026985014 2.088275949049008 2.438380942926605 0.05066080727865813 4.9240123112549465 5.7059113492296545 4.043957245147505 6.525972556959 5.575096500347234 0.009990017576248856
95 9500 6.047274160252305 0 0 0.04939480024229711 1.888089806638195 2.2260246979986174 0.04804285530784569 4.381272615179531 5.133731433712506 3.832165667464538 6.1750698631788055 4.964358192341802 0.00946595689685877
96 9600 5.915040628794383 0 0 0.04401725099013639 1.843294370996117 2.206678056385543 0.042961253815602916 4.309851316646829 4.780122935078492 3.889860432045227 5.94187378511012 4.83502103278762 0.008996713749585073
97 9700 6.697086211189873 0 0 0.05256740886973847 2.1207188181980787 2.4631975193801727 0.05015544072047966 4.93105804490519 5.490967442939164 4.616614334814143 6.865817898391639 5.367401849615071 0.011269801852763694
98 9800 6.155510509899544 0 0 0.04874538398895998 1.8785913986619587 2.1981496602891184 0.045978067885475385 4.353824299232197 4.980685945216598 3.9965621296353895 5.9785078006393615 4.811588055270542 0.010292509895654806
99 9900 5.836459620845605 0 0 0.043011744707503775 1.6869327326271826 2.0668196097817995 0.04081178901167182 3.7819367287109675 4.483967575003846 3.8924026656460926 5.991023520565868 4.453604514082486 0.009065138188827178
100 10000 5.3676067382712 0 0 0.039286610136344886 1.5261963995240377 1.8321363344173427 0.037074213193573485 3.621487226360735 4.324707130030962 3.5347454230963473 5.625446847069154 4.1419886084594415 0.008438077198338199
101 10100 5.269909071082821 0 0 0.0388029596795106 1.4415345348637318 1.8170171288034465 0.037642454958679655 3.5444629123156153 4.210573262013669 3.562960087195698 5.604937950800649 4.154354469794745 0.008117270728802155
102 10200 5.586814697967815 0 0 0.04160325039827024 1.5993448296042805 1.9588737103378377 0.040313271303950814 3.7370374325640396 4.124907390413455 3.5814239451202514 5.8703104356647025 4.04117040423983 0.008498583903917063
103 10300 5.930152375847553 0 0 0.04369341813009936 1.8370885953205045 2.0599681044505265 0.043434702168267836 4.022015693905572 4.156112875423827 3.7181280803432517 6.148792047147724 4.326503817579504 0.008937113773340354
104 10400 5.411357378548816 0 0 0.04100682891139643 1.6718753230290797 1.8315441074689893 0.041141840615158555 3.6926200442178314 3.6742358518644735 3.1483699332115966 5.4600136356928 3.845742368795694 0.008082689366203889
105 10500 4.987050240349002 0 0 0.03535789837019412 1.528995172516283 1.6428904828231052 0.03540314700743273 3.3837255442125036 3.2793720479925623 2.8649903039502935 4.864773678343226 3.4880591374312973 0.00703949206087476
106 10600 5.278050720646984 0 0 0.03712545134233994 1.5939450271749345 1.773368609026313 0.03571752739090046 3.6440704433235283 3.4994836031402428 2.906834802746079 5.020306910260451 3.84575318118804 0.007327079837766226
107 10700 4.909984187189338 0 0 0.03300013565823684 1.3949906885375094 1.5972031603787427 0.031731056733279264 3.418626309801698 3.0235245665686574 2.5840760364532875 4.613062269080688 3.3037963955501555 0.006542584217304569
108 10800 4.3890514248757935 0 0 0.029439465202418472 1.2623646668963704 1.5346146341608626 0.028398751081832638 2.9268380969353984 2.6512774753170443 2.2655329737723267 4.198949760174604 2.8715667118678936 0.005867217491257718
109 10900 4.293681072227566 0 0 0.02912438925475123 1.2251285182447542 1.4489773958969832 0.02780983829556782 2.8541743905737467 2.607540121045838 2.2276802767682233 4.190089688564029 2.7996058505676578 0.005890570277789142
110 11000 4.259976139833088 0 0 0.02830882974143836 1.198058716411696 1.3708671174881328 0.027554971694328204 2.8036349708174666 2.674709620221132 2.1460397270798266 4.044598120427557 2.7019296949583995 0.005585330146325657
111 11100 3.976554383932092 0 0 0.026188142331529756 1.0908160588674332 1.2211884568613112 0.025439901895437093 2.5913990831345877 2.3068668950644797 1.9722401266274447 3.758961916772496 2.387247600475627 0.005377737736178318
112 11200 3.9580426746729542 0 0 0.0268039265945645 1.0335679387129504 1.1593260739416689 0.02559198860505773 2.593533025708558 2.228370431582848 1.9936012438397248 3.9738750480679843 2.377132818136371 0.005595813107179868
113 11300 3.7826393020922584 0 0 0.024736600882207756 0.9479938378418291 1.1633727154526046 0.023703906841716655 2.3015240063060416 2.0141202445788973 1.8755981968702995 3.5919460433202426 2.153351793357673 0.005123425557110656
114 11400 3.718443085865594 0 0 0.023693909386035206 0.9322860915116032 1.1310496303299762 0.022006464987089153 2.1934084682192796 1.948681158700754 1.7736309735800107 3.317902343877781 2.0991770983203106 0.004937436855069013
115 11500 3.608071628755556 0 0 0.023653026163291214 0.9139056746482689 1.1161623642623248 0.021896972654346553 2.185786582387204 1.8134040743837128 1.7722170016151266 3.2622380322590407 1.9964689672989346 0.005000633030843254
116 11600 3.2674217413747173 0 0 0.020453887009960082 0.7999682983137564 1.0435381770996939 0.018871420882958453 1.9221397566333083 1.6382006240176141 1.5754798255674558 2.7788969836939024 1.7631232094259663 0.0044590616526297335
117 11700 3.3962252155260546 0 0 0.021903179228545247 0.8067652091054609 1.0548155358938565 0.019854878671874535 1.9243055734169807 1.656855337958677 1.766075660102763 2.9800087196589775 1.744743516246639 0.0045456480522187625
118 11800 3.2688016498039723 0 0 0.022250290418568935 0.7723002922296633 1.10641904220938 0.0203450259008828 1.9026735364158234 1.5602857955912761 1.756298070835671 2.7839974768091533 1.6332006727785389 0.004528591298623043
119 11900 3.1923587029833733 0 0 0.022173496970269366 0.7951534081694862 1.1336431386044652 0.020301426890616772 1.9525979780634661 1.5480660963922652 1.733493564754581 2.628130031275257 1.5836533548425853 0.004412327297020422
120 12000 3.0539559140071586 0 0 0.020522151192043942 0.7545620842867526 1.0535026895035822 0.018732837013651384 1.982575364864767 1.4301453816621499 1.6253271834842624 2.5129423292959814 1.5143250104765844 0.004131751771637201
121 12100 2.920141226584901 0 0 0.019165461021689447 0.6904102647300495 1.0359400409226327 0.017568202710878493 1.9056615939464963 1.4443822392265742 1.6139850877711166 2.4997126704871264 1.4079395412308995 0.003856283555676954
122 12200 2.899601871552463 0 0 0.019127921096983445 0.6732486448108139 1.026188322122802 0.017637325088550947 1.773431649840565 1.48850635671221 1.600272665070632 2.41982241300862 1.4176987103628638 0.0038391932430874034
123 12300 2.6388685803014047 0 0 0.016933139307674604 0.5919247998032194 0.9304442522023479 0.01574833063526181 1.5486533139839864 1.3407969324617173 1.423598138089926 2.1728076903541407 1.301982731393074 0.0032820865112074106
124 12400 2.638248844656185 0 0 0.016467284872967603 0.5456550141706804 0.862095168507516 0.01564963440710137 1.4815640287920047 1.3379920832385315 1.4173662751184215 2.0962520211766096 1.3187153128986833 0.0031082046708556456
125 12500 2.55603595952819 0 0 0.01597284331319404 0.508368490767473 0.846469151636475 0.01505807052393663 1.428503541072709 1.4092760126595532 1.3479505093939188 1.9883635044108592 1.274803511188948 0.003055116751331391
126 12600 2.452110521628981 0 0 0.014039020237162676 0.4633279283315575 0.8162560920626482 0.01315077491196237 1.2671977390108 1.3516784453983612 1.313875037189247 1.9529290888146453 1.144498383110967 0.0027400806778048546
127 12700 2.310905164835733 0 0 0.01230638286617356 0.41352505340763385 0.757715033169857 0.0115357917999848 1.1307668588503537 1.2659835396847476 1.1929437879661806 1.7573228056065995 1.0289011023154142 0.0024338221494579694
128 12800 2.341503747720008 0 0 0.01191463948918979 0.43986641466501825 0.7432695274268311 0.01111296289242773 1.2051816203998587 1.201372600047259 1.2267094828438472 1.7072934029471192 1.026393703749913 0.0023727250319631314
129 12900 2.4937977859358527 0 0 0.012912201593972873 0.4974677098614518 0.7786799144649914 0.012120881108449982 1.3479322711991866 1.2648808375387963 1.282850933315551 1.8301440424055484 1.0669342945830955 0.002491920600816652
130 13000 2.823234816626595 0 0 0.013907845323972236 0.5552329559361772 0.8942982187138844 0.013183131903572152 1.4052332270175065 1.4673889248668828 1.6066331242586651 2.2523308991994138 1.1795897192644453 0.0027020575281728985
131 13100 2.717893088263276 0 0 0.01404285166571378 0.5054464972222298 0.9134732630044973 0.013273689305065343 1.3573700761296816 1.399795512250456 1.5618298468495417 2.137122429991994 1.115713811804018 0.0026674680267854962
132 13200 2.66080846890901 0 0 0.012618901340319597 0.5487733961922037 0.9205005858047532 0.012074327100166767 1.3086985591660591 1.4249982837584008 1.5252756098095732 2.0155498220260806 1.1918918451428593 0.002379047562808572
133 13300 2.5764674778907364 0 0 0.011618328535333075 0.5400300901694514 0.8743303889543322 0.011202472633346167 1.2266432228524105 1.333755860657461 1.5054154738974366 1.9811287243690068 1.1146376936086493 0.002144358662785842
134 13400 2.3960843480237486 0 0 0.010148429022147597 0.4901719719072988 0.76983074093709 0.009988967135384098 1.1688981754907273 1.1735381128652054 1.4553805990385842 1.888772340159767 0.9679245530094439 0.0019071127113875108
135 13500 2.40651352034658 0 0 0.0113354353898202 0.4774542363678117 0.7898817224526247 0.011381263763136907 1.170340527595049 1.179469560544699 1.4854923202111112 1.9107309305997853 0.9625116817980512 0.002041736337490981
136 13600 2.4074651013827144 0 0 0.011206558541934072 0.43985487937261786 0.8011756534114819 0.01117241541033888 1.1622286115307212 1.1672195835564512 1.4899118877780806 2.0132391064503463 0.9209602812779116 0.0020672489946646257
137 13700 2.241767065370616 0 0 0.010258041871976223 0.4042976944671024 0.7188861422960624 0.010365513790002001 1.0915743274822283 1.046240018457461 1.3410280007127804 1.8343338180092963 0.863171927137549 0.0018851816754512601
138 13800 2.2180856825607456 0 0 0.009872265748663716 0.4043352204696324 0.6912063160172628 0.009997465056903701 0.9948728681446092 1.0940993910544958 1.301575185996053 1.8072017722104161 0.8305033968243621 0.0017331607768278777
139 13900 2.2132572682058607 0 0 0.009610019485678222 0.42124428817197546 0.6778383729901091 0.009804831706537407 0.953731128912147 1.1005919927460688 1.275540743725497 1.802769030352353 0.8384451055834738 0.0016215315907924118
140 14000 2.1275647217934814 0 0 0.009260416293998699 0.43185128070469353 0.6601043884337104 0.009588592298277956 0.9378455902835598 1.0564604574684155 1.1964581378070056 1.6852188538224575 0.7997914568571206 0.0015826739724518599
141 14100 2.051687657286349 0 0 0.00866762970091024 0.4089153754367276 0.657026804492415 0.008950408720453981 0.8618080098822121 0.9503688096971661 1.18511149600584 1.6386858884907558 0.7302414261753265 0.0014997175635340513
142 14200 2.101153545885954 0 0 0.008274582184474025 0.4193625596379759 0.6971833943850321 0.008776790947606578 0.8795203416573139 0.96545682526997 1.322767951731538 1.7717615797336284 0.7529177673963643 0.001438577424953024
143 14300 2.211998145430943 0 0 0.008550636060615664 0.4371202450090572 0.7431414420730097 0.00917796921572239 0.8863094798505551 0.9653517547263613 1.4287055715299282 1.8639825713572362 0.7770828216591426 0.0014932352959306963
144 14400 2.3752061033596945 0 0 0.008737525480362753 0.4921838286528522 0.790125821662075 0.009290153711650049 0.9016218343348689 0.9907783354456674 1.5629971384426053 2.009886348247281 0.788768073039457 0.0015316689534282631
145 14500 2.296807807386743 0 0 0.009532685215784003 0.48455826950269515 0.8110349461567709 0.010431336330708292 0.830754298334369 0.9064461546044906 1.5930750562540843 1.954908283173237 0.7411306441903552 0.0016537632557422864
146 14600 2.3489468202475634 0 0 0.009089643110321392 0.492274193873882 0.8026593074683415 0.009765740601839414 0.8832906222214353 0.9164240221030675 1.4776569702741527 1.8031047915023137 0.729190434878728 0.0015835662715615027
147 14700 2.351927852613367 0 0 0.009035382911239264 0.46996673690015706 0.7570535466958828 0.009687715866165564 0.8550725720084885 0.8965250460687065 1.4544107452224382 1.8523190132474865 0.7314037782879581 0.0015653735727202747
148 14800 2.2642158967411747 0 0 0.008157486971529715 0.4450963008494203 0.689039878811258 0.008713275668001591 0.759579821773979 0.8600756673294614 1.3798906469992738 1.8093104875445765 0.6799878718802841 0.001382860793421144
149 14900 2.0881202719327945 0 0 0.0075534013195504976 0.3767352849419425 0.6670860691172681 0.0079956340610374 0.6959696619079285 0.803200119404362 1.209090832523388 1.6363636240675647 0.6115869565176388 0.0012511582885958075
150 15000 2.0824428838436075 0 0 0.007546466438231627 0.35737487258773226 0.6711748715965713 0.008005277095711838 0.6735986461641154 0.8239690138497829 1.1279015359966713 1.495159588415007 0.6403183311613067 0.0012341735027249943
151 15100 2.1350461432332404 0 0 0.007195486667935827 0.3615958573798939 0.6643556165317077 0.007613460381012235 0.7031586725194068 0.8508702624168832 1.082130299672383 1.4471444080266316 0.6263391931714911 0.0011767726267913636
152 15200 2.0054151676907743 0 0 0.006246875811662974 0.3270153495181286 0.630839779410299 0.006597607477493378 0.6452689492898888 0.7724018075722533 1.005372502867031 1.3585831687323222 0.6023832797714417 0.0010463659016064185
153 15300 1.9741877891302595 0 0 0.005860126930371122 0.30931842644838003 0.6057366871086591 0.00609987472154638 0.6254000205739288 0.7353645174142155 0.9420493471347422 1.2695056134354221 0.5770936393923404 0.0009866389401461389
154 15400 1.9404481805842475 0 0 0.005533196104197809 0.2935304598899988 0.6238195275183059 0.005761967643346303 0.6142516984718664 0.6793134705057485 0.9044563886086748 1.2239966628115533 0.5363936814624646 0.0009494955843772563
155 15500 1.9925214877826982 0 0 0.005443118754326116 0.33112545418991085 0.6437393615242859 0.005760140512958956 0.6185301585318294 0.7064631074167271 0.9217466858336649 1.193182265258991 0.5644823240457304 0.0009874154688981288
156 15600 1.999001838605279 0 0 0.005720050514477884 0.3319077431856676 0.7098341198592125 0.006047742212926321 0.6321828988813887 0.7306018012695633 0.954519277140007 1.2750247981604628 0.6151469768403063 0.0010813692996645822
157 15700 1.9713769623880764 0 0 0.005693105569523461 0.32609731460464325 0.6749446616561734 0.0060031322963855415 0.6610340132709178 0.7453401844426079 0.9284328448168754 1.210342044151799 0.6398943644416022 0.0010439816987968095
158 15800 2.1640930025914336 0 0 0.006717670259535009 0.3481176879605544 0.7419739485760602 0.007073958856864903 0.6834763044541747 0.8706982647323355 1.0511046401277453 1.3676145827837751 0.6937932317884294 0.00118260494082062
159 15900 2.1325088201143467 0 0 0.006590528449009771 0.32886268494830595 0.7468392971107217 0.006949468577104231 0.6609304460127271 0.8350180705741683 1.044670012939897 1.3933665442383993 0.6764836988988184 0.0011757773309941306
160 16000 2.307639237872261 0 0 0.006546772963872644 0.3661053958359247 0.8031577471027841 0.006908858563797932 0.7150913299649411 0.868191962438963 1.122269785554715 1.5366896796588168 0.7117430531518659 0.0011660073381525545
161 16100 2.253498740561266 0 0 0.006286827349913762 0.37074164301980655 0.7760897743422329 0.006516803260795874 0.657227496706682 0.9081017901254439 1.1330903293639045 1.5400860938466068 0.7800026186462444 0.0011125412842820663
162 16200 2.1662842420932957 0 0 0.005978832403656464 0.3409057653912832 0.7842797997336728 0.006068182603499389 0.6434134113400827 0.8727316902714671 1.0499635313938884 1.4578003993430426 0.718304527145743 0.001051691839262184
163 16300 2.3934472904931905 0 0 0.006136418552962077 0.36167588805439976 0.9243960049196616 0.006243866109282744 0.7464398013654308 1.0586526020809197 1.0998835549696393 1.5982761399008716 0.8134118312719982 0.0011616781929827127
164 16400 2.596535794554965 0 0 0.007365995190547913 0.3848433537722262 0.9959774250410328 0.007310208251075916 0.8061788882773109 1.1335303302737165 1.1573140476203962 1.6421541811982705 0.8674600189205826 0.0013245437940815367
165 16500 2.671558206098851 0 0 0.008073110495667682 0.3796069838643219 1.011706881659225 0.008036377000917912 0.8418860349622586 1.1426441156140021 1.217343204044813 1.6975211228630376 0.8881876403915177 0.001442382241318427
166 16600 2.7757681815079014 0 0 0.008881731750478163 0.42642619514188046 1.0706399124212993 0.008874517492773158 0.9324136116345875 1.116468809716392 1.3705753112950496 1.8423418972721015 0.905129978160966 0.0015042431976657984
167 16700 2.7944109038463405 0 0 0.008901900291073751 0.4205078060815397 1.052804702257728 0.008887228905353265 0.9038733874834519 1.087975672764101 1.3208852871858932 1.7305390491925023 0.8959026207008245 0.0015079885880179558
168 16800 2.71523831798847 0 0 0.009111450590467973 0.3995608852955984 1.0513123543033056 0.009299701372370291 0.83735139656981 1.0351944670950977 1.3720368556361473 1.6736076994059197 0.9162310785637597 0.0015359613985642118
169 16900 2.77598698036272 0 0 0.009451578977057316 0.41983557448973396 1.0064800797568036 0.009687461900175151 0.8286802466535862 1.0920869955668895 1.3440121468309703 1.6097253333110575 0.9198974566963316 0.001564881588751522
170 17000 3.1805226302312652 0 0 0.011116161342411163 0.5096735754901516 1.1364140221285073 0.011378018891401437 0.9279384984901803 1.4355415558654387 1.6383894490902664 1.8590802940396727 1.2062503331268672 0.0018144222675393154
171 17100 3.0186043921621137 0 0 0.010910287052826899 0.484151057082544 1.1008530673039427 0.011295390512084464 0.8471943297010822 1.424799905906641 1.6432276205524292 1.8581098976870145 1.1894791626475016 0.0018143164289176712
172 17200 2.928048645924695 0 0 0.010596298798457953 0.456880905843611 1.0729034760357516 0.01113933302896089 0.7865324085479901 1.336747156411886 1.648901924423173 1.8472494312155818 1.1570838016669573 0.0017497808920168385
173 17300 2.813244367968861 0 0 0.00968029482053454 0.4295868315183609 0.993759172293338 0.010036355181303875 0.724631706499627 1.2732427505070492 1.5072458282480952 1.6974724361779334 1.0862968431545177 0.001610229097321668
174 17400 2.4997653774706388 0 0 0.008342432410523848 0.3608814064456852 0.9497702699228218 0.008734806254193409 0.653827276008178 1.1344685692698624 1.348019547211084 1.6035869680443304 0.9709689498187407 0.001477331716051173
175 17500 2.440042412115788 0 0 0.008336212867756055 0.36614480073741185 0.9749539839418795 0.008705981932376794 0.6775137147263397 1.1158138108373565 1.3230262764201242 1.529456824259696 0.956903579487436 0.0014545647269077653
176 17600 2.3213395719520853 0 0 0.0079224922193524 0.3408099211353085 0.8917416138882707 0.008163788803559915 0.6489649356639927 1.0315926167451945 1.1822499318468764 1.4210925190289436 0.8710478993616998 0.001346645813439649
177 17700 2.4670992551091424 0 0 0.008493825280273063 0.3703193175649563 1.0210084050000543 0.008816585081816534 0.7408582174421336 1.0925462131080494 1.4126686633042742 1.7084608503399294 0.965088800997849 0.0014921405704073547
178 17800 2.3282542505211237 0 0 0.0078085083379425945 0.34272840224720763 0.9965344899888966 0.008123048902366963 0.6693902827921131 0.9481827663982993 1.3245180837369956 1.6722258624471498 0.8291098052990902 0.0013928337356443796
179 17900 2.11709964867285 0 0 0.00686682753684974 0.3021962937087163 0.9326811017618798 0.007205749041640208 0.6119855335054394 0.8819676093869431 1.265310280601311 1.6142401435761138 0.7647021494496145 0.0012282863662707397
180 18000 2.083797899647493 0 0 0.006812122681342178 0.292343414737168 0.9387627834443626 0.007284269205112304 0.5502183754909087 0.8951593939200703 1.3282811062066495 1.6687084174258457 0.7459909320091502 0.0012293592205158167
181 18100 2.1663168577473577 0 0 0.0076901474097105975 0.30558750700619103 1.026302733304606 0.008282802328132412 0.5459569919141016 0.9613845104626937 1.4859208087207068 1.8040563417962663 0.8421539458202119 0.0013819344947200052
182 18200 2.33781608184187 0 0 0.008217877696280525 0.31884247527411963 1.1077207787075658 0.00864052140624027 0.563558481078006 1.0435534434758549 1.5482841338310973 1.9029937800935623 0.8977806558143672 0.0014816176868569769
183 18300 2.4830087007480905 0 0 0.008183316520449508 0.34321486877256124 1.1796801199829379 0.008628475715190856 0.5961916127721989 1.1111655853534421 1.6111302918062296 2.047223105896816 0.9061314436563384 0.0014885571799131984
184 18400 2.379838645074599 0 0 0.0076676300381311015 0.32616184181341085 1.0606379874934788 0.007997243832446524 0.5581776835945665 1.0520410818132053 1.5098027596402883 1.8575778051811902 0.8600870365654758 0.001379559743206122
185 18500 2.5522401100697363 0 0 0.008028079946533115 0.34547391389466897 1.1126266507886764 0.008366217043635465 0.5943904164881276 1.178177175951895 1.6001001796292054 1.9777521852442699 0.9542654208761604 0.0014372099525768289
186 18600 2.5597948070287453 0 0 0.008087932307312506 0.3347434586003386 1.1102581605073663 0.008327308819396858 0.6092748832479293 1.2121181633705351 1.5607804653594248 1.9324011381452963 0.9534457723141396 0.0014233723811659302
187 18700 2.456874459049335 0 0 0.007794924870907842 0.33385833737944903 1.0380343584091851 0.007874389922740482 0.5979415746171262 1.2306136476819625 1.439987865461343 1.7313069366920042 0.998678228131014 0.0013733130581534952
188 18800 2.446608011962127 0 0 0.008094176244682423 0.33083015792617654 1.085367804438655 0.008276539740821596 0.567739205872591 1.2250503012127814 1.5288859005484758 1.8494672292552476 1.0059146420458895 0.0014451673794072936
189 18900 2.6856739347118035 0 0 0.008671935591534341 0.3678396959087354 1.159609359176034 0.008819287589283936 0.6976447476688314 1.328849144613774 1.7551000931797316 2.143326126654596 1.0960117740998463 0.0015956300165277327
190 19000 2.637642759009533 0 0 0.008492056180247808 0.34211682031774276 1.0823906670590842 0.008662070987791745 0.6853646173869283 1.3217368412711117 1.673744657075202 2.0052814886825883 1.0904292261471362 0.0015397579774791969
191 19100 2.782441192700656 0 0 0.008645800373003071 0.3529950739089835 1.1160190122225404 0.008714462405888612 0.7112804425205793 1.3792795316621818 1.6531295316391057 1.987404448073848 1.1081227251403365 0.001558108311011244
192 19200 2.640919641069602 0 0 0.0078023554759349585 0.33901423651777035 1.1025630409225435 0.007916113173928112 0.7198025056894363 1.2382477768265432 1.5476435727953584 1.9076646775351067 1.015297382213611 0.0014207529832865032
193 19300 2.57906347417687 0 0 0.0071398796957153265 0.33077288114533715 1.0571487280883298 0.007182887410666052 0.6950905567724001 1.1798402941088248 1.3447389054247938 1.6989916353725956 0.9306641119288892 0.0012827424156171198
194 19400 2.370826348932909 0 0 0.006532600214063067 0.30574910650500337 0.943663549539478 0.006443374451624602 0.6271220598458938 1.0350578760844058 1.1812574720459372 1.460259502418689 0.8487859427406788 0.0011587370412276623
195 19500 2.365122041648701 0 0 0.0064471127903119665 0.3103748822294339 0.9015918189077703 0.006282867417987407 0.6209355904816254 1.0466490328597273 1.1276429049895653 1.3943011073339275 0.8271133878381338 0.001099051543144296
196 19600 2.3152934172841952 0 0 0.006864614750054992 0.31951347322558876 0.9012093406896753 0.006704604829929924 0.6061759666552989 1.0762837547712314 1.1935749386619112 1.3948985378598469 0.8718560695310245 0.0011617628111857759
197 19700 2.449253911251806 0 0 0.007465299518917582 0.3330661687084249 0.978254018579291 0.007198351438312538 0.6499798677896946 1.2486694540333094 1.3094875030481976 1.5238988696449403 0.9987290961461721 0.0012909221987306972
198 19800 2.3812411396357938 0 0 0.007850760832277495 0.325966296044874 0.9758327726687458 0.007324426191014179 0.6248559520117402 1.1568610709236338 1.296197832883943 1.508691603147735 0.9503270089259621 0.0013600576962015292
199 19900 2.4018931711929534 0 0 0.008355526829845522 0.33064418748543645 1.0114129434665675 0.007875579250503178 0.6081882960535867 1.2245854401403224 1.3658168531612076 1.518127935605003 1.0378487379709649 0.001433513075646114
200 20000 2.3724306962344617 0 0 0.008386073200536907 0.3435312640633031 1.000086609533249 0.007764781579534076 0.6552817539847761 1.2552949423403692 1.3208531784369304 1.4491981521309787 1.065808512177809 0.0014582907362411222
201 20100 2.3037642616064935 0 0 0.008532961201992479 0.32308107286621096 1.0173246102202842 0.00801467129087072 0.6303699289851223 1.2488465918938283 1.3726739706230915 1.475754065808655 1.0752814166261826 0.0015185111797985072
201 20100 2.3037642616064935 0 0 0.008532961201992479 0.32308107286621096 1.0173246102202842 0.00801467129087072 0.6303699289851223 1.2488465918938283 1.3726739706230915 1.475754065808655 1.0752814166261826 0.0015185111797985072
