% # columns="iteration, evaluation, void, void, void, xmean", seed=42, Tue Oct  7 17:01:39 2025, <python>{}</python> # scaling_of_variables: 1, typical_x: 0
1 100 0 0 0 0.0209993117176301 0.3402252950735961 -0.1326006823524925 -0.051911274756941655 0.2853527792405904 -0.14476110547499307 -0.11881814032668354 -0.3166700088248919 -0.085998662209421 -0.7168571675207811
2 200 0 0 0 0.3123399703104206 0.7621230498202487 -0.6339266390896184 -0.1870337486736103 0.12813591445465466 -0.2650470867522895 -0.025372553280687903 -0.34554848242279823 -0.14873193923161193 -1.3313691161694148
3 300 0 0 0 0.2658005394727197 1.3296961354905128 -0.6347209557732831 -0.3385407882537026 0.603087913911426 -0.6964148694365598 -0.10834992125284026 -0.5674955092313931 -0.33075385401378976 -1.4123993636888972
4 400 0 0 0 0.6286654272765904 2.1021257268177833 -1.1019598806982573 -0.4013343893495622 1.008120926310807 -0.47110596408985406 -0.02557582066568225 -0.40080104621973833 -0.22524697000096486 -1.8597306867707544
5 500 0 0 0 0.3930776455938143 2.416103488386333 -0.9492977922699084 -0.3349466080953273 1.0566045209377644 -0.3406094971194853 -0.004644578640120623 -0.23356819680142665 -0.12619938380562523 -2.073908015637563
6 600 0 0 0 -0.1087606518588753 2.7639155917175096 -0.6906080346342083 0.12122781945598354 1.023968296270543 -0.1846612094882844 0.6108651204463251 -0.3523341832900257 -0.12295473753514602 -1.8043577898097585
7 700 0 0 0 -0.23373591157328244 2.460964242555005 -0.11670294953923885 0.20213054635189057 0.7026890729901292 -0.5646053351030931 0.8764314531521127 -0.056675188766027576 0.2631783376076985 -1.3924518995649173
8 800 0 0 0 -0.35982319005418695 2.6468881299430818 -0.9788673372042911 0.5350956594349822 0.6232432394252668 -0.6321298982504862 1.4855158511435118 -0.44349405621470017 0.28360066154690844 -1.4752220533859515
9 900 0 0 0 -0.26267478454712156 3.0356862520938543 -0.8398528787867179 1.1348225663059328 0.9753191598747286 -0.9009924718315794 1.4687960835123468 -0.786699683341755 0.7537543485682967 -1.3661520947946975
10 1000 0 0 0 -0.6730914851546594 2.496342744124659 -1.0699789048951036 1.2144790333090376 1.2503709939131422 -0.48509238560938833 1.8765152220440882 -0.6816890363689261 0.6243941410595109 -0.9714373755161518
11 1100 0 0 0 -0.2559945336042609 2.490751730819424 -1.2788893513295692 1.7890044699124075 1.6442181424775137 -0.6455925671684519 1.5401437708412105 -1.0325573852296612 1.4974716679442563 -1.1035217366750505
12 1200 0 0 0 -0.442081075775239 2.9847602934286357 -1.1352386334430582 2.147797982178312 2.0696298165861005 -1.0061351295027192 1.2990709558634173 -1.915983391600228 1.5215565653419492 -1.1160258842236863
13 1300 0 0 0 -0.5272422783617307 3.213148826485314 -1.6097277898920788 1.5030953033355723 2.4811202610199263 -0.447196473573469 1.1235610687046464 -1.7763707910760689 1.113347214112911 -1.0943066181248846
14 1400 0 0 0 -0.588015690982299 3.438189026643866 -1.6059529908581502 1.4234024167264105 2.414540405012527 -0.26522179557117725 1.0994528522358324 -1.762055650455081 1.3205242669368664 -1.3174328101149253
15 1500 0 0 0 -0.19562458046900916 2.979878870958287 -1.1856868004028065 1.7687872354609375 1.9121346079043402 -0.23989653354190563 1.0570699312366212 -1.4409105099798136 1.552900976487984 -1.5184393302575128
16 1600 0 0 0 -0.5286652358744968 4.069645827886724 -1.3664674027210337 2.16638238593182 2.405221675709576 -1.2004517308095166 1.422606571894964 -1.0265847840891933 2.347553081786203 -1.407884926447235
17 1700 0 0 0 -0.5979031920583412 4.371329469539617 -1.4883251673807831 2.6654126959385342 2.7627898876030983 -1.5466162254299092 1.5241992092907535 -1.7284285019243881 3.0695243686176017 -1.1384748633364579
18 1800 0 0 0 -0.9947264683521221 4.434323013861292 -1.8706902701354124 3.215906993796607 3.5610372051439283 -1.4663996542434217 1.458820635529775 -2.376517178128501 2.666718384670732 -0.8153525775494732
19 1900 0 0 0 -1.1445496315712738 4.651611609755135 -2.1269924345367297 2.7516791829589757 3.434037268521353 -1.2501283170859931 1.3060930317684236 -2.985198380638156 2.3000571199284794 -1.012073343546726
20 2000 0 0 0 -1.4919790816921497 5.193958563724218 -2.2724617455963747 3.773749598657574 4.084937777413998 -1.1020221842080664 1.4864824612400087 -3.5071986117838447 2.2846538551092705 -0.8818852764836985
21 2100 0 0 0 -1.839507050696184 4.802030383628523 -2.736093893160189 3.330534702883928 4.42348768563307 -1.6597852127659523 0.9941992678315117 -4.408900965768826 2.167492115774979 -0.6393445363399155
22 2200 0 0 0 -1.8430447608169618 4.770090603923562 -2.7139651804491676 3.0862037933923956 5.075206724634434 -1.561086129546947 0.4284389977233443 -5.405520210200638 2.0071382092637595 -0.5740058123847159
23 2300 0 0 0 -2.007339172014661 5.585563465940385 -2.253968325400846 3.2149859847528064 5.235951135730204 -2.4631842265515385 0.6630350124343629 -4.691882478232578 2.6225227034809793 -0.4773298617585572
24 2400 0 0 0 -2.0234581284797564 5.753048499363363 -2.0859032407968803 2.9482267610621267 5.452725882080923 -1.7535961706426315 0.08199058744371493 -5.299645005625324 2.3491223293344383 -0.5688026654567719
25 2500 0 0 0 -1.828025612661933 6.06093290170103 -2.3172475174635463 2.749476776530655 5.732200955432347 -2.2780418446702058 0.1873696203562109 -5.122687034287981 1.883100908139173 -0.49929628040094437
26 2600 0 0 0 -2.0869251376383136 5.716689810592735 -2.7028523066023586 3.0045686698025227 6.622188972813556 -1.3225223720654575 0.5102175315280599 -5.247697865732242 1.3531817944865638 -0.4478124407502373
27 2700 0 0 0 -2.098084816439029 6.1937747610319285 -3.099997797077136 2.986304804613935 7.321152474728283 -1.443745055783662 -0.12119776587306207 -6.083077562435349 1.3385281228955332 -0.3938908003618775
28 2800 0 0 0 -1.9935909665802676 6.464026060636952 -3.0116598901616842 3.1847401033014187 7.272188259574891 -1.4390141893787787 -0.5431577158267832 -6.147497213868293 1.2782560570378485 -0.3165980451463788
29 2900 0 0 0 -1.7979407546155655 6.557897636772754 -2.6912313812403155 2.4284722921124526 7.161043214335885 -1.5011613078367474 -1.475479183701709 -6.1913909432934915 1.4678772747951578 -0.09591743985735363
30 3000 0 0 0 -2.002027412484776 6.437162731418011 -3.0391946716894678 2.567731889433958 6.666792770924207 -1.894932669362636 -1.0098105132456863 -6.091814392615378 1.4919042551365966 -0.1072482605064659
31 3100 0 0 0 -1.7305633599980195 6.996323733170847 -3.287010459335397 2.202490091793874 7.5761606731483555 -1.9870714465094803 -1.062460695918356 -5.189117661152212 1.215672111139952 -0.16266456350225603
32 3200 0 0 0 -1.9678770249266928 7.271531242289848 -3.571114377188243 1.9560271809395318 8.277403466263433 -1.8927834844235307 -1.1774377068392274 -4.42751910271428 0.7922453831197481 -0.02364177319646319
33 3300 0 0 0 -1.9486875450417445 7.400455588322622 -3.3397852085096127 1.363095508119895 7.723887637995471 -2.109444086613498 -1.349945464292819 -4.834572977788357 0.7075198498985673 0.05888221448447683
34 3400 0 0 0 -1.8117262036339918 7.637052749938399 -2.899657073631108 1.5070878412197655 6.6558887236970286 -2.5022043534413694 -1.305832840047207 -4.49676223830554 1.056595660038368 0.07449309992753539
35 3500 0 0 0 -1.4201541948564684 8.558594390967489 -2.9846746257509373 1.1839672583956498 6.8433788611360615 -2.9668897903341165 -1.9724163707548128 -4.018939595940755 1.1442918074662958 0.15485232254929274
36 3600 0 0 0 -1.3256898859083732 9.409690752892217 -3.8696296666181125 0.7384098569610094 6.9346638056034795 -3.4736770373952117 -1.595488077746773 -2.7494811268311583 1.2699870863778862 0.09372965180719411
37 3700 0 0 0 -0.879615947756772 10.319186160811114 -4.853339543112649 -0.2721030160984917 7.397184982926817 -3.3954934389943 -1.7875371804529467 -1.6857428665299454 0.9255381668681021 0.1756516512308557
38 3800 0 0 0 -0.5045171174819056 11.611452010906076 -5.887086263552067 -0.9911249053118788 7.290265456745837 -3.7284047289346427 -1.0053698910921527 0.27643546166258437 1.104822791480879 0.12637745774168657
39 3900 0 0 0 -0.6326984166930383 13.799822417356552 -7.481896004046041 -0.9513288184565307 8.781903586530618 -5.274351971029041 -0.9640962072703964 2.0885248704290014 1.4715192209265249 0.12983210160584013
40 4000 0 0 0 -0.285428803697219 16.818934559206795 -9.447088728180892 -1.8200963080228907 10.108654341490382 -6.765954348012907 -1.6630357038793793 2.4823926217227403 1.110881424573091 0.1057757733014454
41 4100 0 0 0 0.02936762470078702 17.25585055196794 -9.714866889454743 -1.9515016500272933 8.549569052061235 -8.150435399405843 -1.0414678206508217 3.862566348583565 1.1164440705874576 0.048124689838096854
42 4200 0 0 0 -0.027098004678661334 17.843082066206044 -10.090019319454619 -2.223619325522929 9.175820391991289 -7.817054181141756 -1.8090940025614852 2.3332646229136538 1.0888998577032232 0.029752791479788883
43 4300 0 0 0 0.13159437444282995 19.94075298025877 -11.377860843641749 -1.9234301652935377 11.252865969800595 -8.55610580051518 -0.7792365986869083 4.453782196163088 0.9493299207530523 0.04314102105014084
44 4400 0 0 0 0.38748580621950235 21.55082628496706 -11.385216385768484 -2.1162062629466254 11.297627972581127 -10.787966689730368 -0.7946886785162973 5.317366087233337 1.9878681800498097 0.015406089420809196
45 4500 0 0 0 0.41175855735156996 22.77106066256441 -12.280676171991015 -1.9793802758352697 11.148319511788191 -11.86179676335943 0.163702006470265 7.754482864589018 2.440751911457174 0.01998192472518693
46 4600 0 0 0 0.32402803531316526 23.65180569521665 -12.3706116211271 -1.3875449787697267 12.640304118743499 -11.799316578648229 0.3092215357172175 7.066368067097063 2.1322419853068624 0.04400490390363124
47 4700 0 0 0 0.15515051008590242 24.37575388560169 -12.694508522670962 -1.1030211644801884 13.799325351504347 -11.287537905564037 0.43841464205586644 7.483142847993598 1.4226565243451774 0.05847279525230475
48 4800 0 0 0 0.22375841519722378 26.42216557983884 -13.264316664302706 -0.9093520732006388 14.366942906054101 -11.381190201490607 0.5918658721515465 8.555238441061123 0.7910720288972671 0.05157063520830464
49 4900 0 0 0 0.12090870631914655 26.494219753789487 -12.583175374452058 -0.719676904444023 14.613561241344772 -11.506994721972003 0.046712074906841636 7.713801050575505 0.7243531200731773 0.054620110174082415
50 5000 0 0 0 0.059973282163057515 23.61440593795232 -10.894772676255526 -0.5004257309075872 12.777421673666158 -10.157320794851922 0.7861624987056592 7.917663733504217 1.2656773642901995 0.053956183075306294
51 5100 0 0 0 0.05281296540372176 25.0294337354417 -10.887201994690106 -0.4789412946133735 13.95018483232198 -10.70551517837808 0.18993699225790311 7.288081443522543 1.1168478546537428 0.05139325024458076
52 5200 0 0 0 0.03496784848640448 27.047320053004615 -10.989334715586661 -0.3614628269200734 15.188903497063688 -11.303034407780629 0.6731069186033996 8.561557725358133 1.1669650998845285 0.057370479309913514
53 5300 0 0 0 0.012104633507410787 26.11825731578324 -9.87522717989641 -0.2549003531995172 15.15421605185729 -11.22495845764006 1.1375630423177798 7.8205823308733535 1.48462574328047 0.051302115499870585
54 5400 0 0 0 0.021180054010532395 26.033650138340114 -9.482660351428102 -0.26141426214003977 14.88870803951276 -10.820476052605194 1.350903774441965 8.049117126508218 0.7596514702400478 0.04703329869626018
55 5500 0 0 0 -0.011129798892095404 24.916164917411088 -8.705079304157266 -0.21829621130140628 13.844345330815168 -11.302054560033291 1.538790778865682 7.917600309259271 1.7723306103833867 0.05334323387236555
56 5600 0 0 0 -0.011028572190151348 25.357357501940115 -8.443566196021896 -0.21865554252700292 13.091189509088608 -12.153960167255605 2.986743279311895 10.701180696288521 2.4604420358305465 0.05200057091348406
57 5700 0 0 0 -0.08392006788089186 25.14207935183731 -7.306478424269384 -0.12219304538440144 13.012164365628358 -12.769490724892382 3.461974073575968 10.974170284853976 2.986858556352672 0.0583769704871919
58 5800 0 0 0 -0.08758366684958219 24.561298219989244 -7.236473534699302 -0.11085874171791824 13.885406926779154 -11.321982538580368 3.549494359914614 10.384276464872148 2.2431633584744914 0.05866828712635196
59 5900 0 0 0 -0.07938059810507167 23.783513296509103 -5.75969414842884 -0.0692044520989028 13.833595331069663 -11.352038602015654 4.120419194258062 11.82474003103155 2.174470341317345 0.046527240354841765
60 6000 0 0 0 -0.08204604653548285 22.945710856436776 -5.2602885643043065 -0.07302874949948436 13.953132637984364 -10.111332284698221 5.165695752461568 12.373348568923443 1.5958995667818718 0.04791773263961053
61 6100 0 0 0 -0.08849146946985127 23.6716729293681 -5.278106109297834 -0.07542243204293947 13.965966826057835 -10.040801198492362 6.198148639956148 13.327018657983274 2.3135391812136246 0.06025483737666657
62 6200 0 0 0 -0.0977761494522533 24.623086974748368 -4.294391816833252 -0.05243019001055123 14.049652315885606 -12.00247347100754 6.637079908022488 15.975986365138917 3.0238174520659005 0.05212444433622837
63 6300 0 0 0 -0.07168607742013905 26.032003349367884 -3.6125946856661937 -0.0777479188342397 14.359950521557796 -12.700759569226989 6.086984673528782 15.973300569877164 3.212092600237635 0.04798314419112433
64 6400 0 0 0 -0.12156697481020501 25.325248152859004 -1.649735922406189 -0.016720169487873728 13.969168145046481 -13.200314270851498 7.2999150889639415 17.67781707153709 3.9643746944914864 0.05106723091918405
65 6500 0 0 0 -0.07724911756019263 26.511719660695185 0.02287788911630398 -0.0733340202138482 13.834780382967153 -12.343745582885592 7.755929243698649 20.00327889264728 4.1854987703081035 0.045339742276954455
66 6600 0 0 0 -0.17245105896941132 27.218495544524256 1.7396594514968917 0.025490019181672645 13.037382318668659 -12.674635155919884 9.326372258886664 22.45331198231741 5.76168036699508 0.06077875073162655
67 6700 0 0 0 -0.16735087951335142 27.841673074569194 2.208375900089292 0.004353819472498496 13.412332465913304 -11.076799382132066 11.0218058350749 23.856609295265173 5.094461074730388 0.0679031442255636
68 6800 0 0 0 -0.1733249850023183 30.03672518368795 3.2249439485246594 0.006436913811087785 16.219019839575697 -10.65489326756045 10.50426146766195 25.942178338798968 4.443478370292339 0.07189298841136728
69 6900 0 0 0 -0.18239541107003077 28.50240762818988 5.14558005388893 0.03883011750608392 15.957635092691135 -9.730721384887666 10.689462276868888 26.878291984449056 2.4532972536464044 0.06460447894128234
70 7000 0 0 0 -0.14045595297825977 29.21917703063587 6.747527384612196 0.005618613239437365 14.051030861579509 -11.331624451646196 12.9339961253506 32.3062295992073 5.026382984885914 0.05490443623380867
71 7100 0 0 0 -0.11379141714259747 28.162611370394046 7.363599999507709 -0.005052524323596569 12.42648267930035 -12.156383604554627 13.858018036746952 33.881736171532296 5.483425252806573 0.049031083592059675
72 7200 0 0 0 -0.13912091446281383 27.907097143864018 7.698798085843471 0.006354418611010028 14.01510560826449 -9.691021191869048 12.331940332251063 32.04262797341249 3.7682355624893162 0.05402432835458501
73 7300 0 0 0 -0.15880758818118937 27.88323485765834 8.075348695358784 0.0181673185867846 13.630843117739447 -10.21314922109838 13.462478383751575 33.398614252122464 4.704319159496627 0.059402189465455994
74 7400 0 0 0 -0.14561816315515458 27.292620757105077 7.395021246000248 -0.00039909812590943616 12.188689924166711 -11.676877722316538 13.293886112796333 31.772689452571022 5.929745675227061 0.06266489782177642
75 7500 0 0 0 -0.16739076456152496 27.377856307204993 6.9867371797534625 0.020579066087810436 11.983567730276807 -11.677620223262798 11.20723498443433 30.44120463935817 5.717442614394148 0.06508849817140301
76 7600 0 0 0 -0.16975908726610733 25.81906550035632 6.59681998846856 0.022270919723868007 11.136475964668278 -11.16412022433017 10.225413374948362 27.141832748638496 4.603362498687581 0.06769200310608216
77 7700 0 0 0 -0.1329019510470164 25.65261201272346 7.182325921817994 -0.004296503695844476 10.050338892696464 -10.626579446914418 9.549136125928158 24.429938230404566 5.387626390741847 0.05893700427114057
78 7800 0 0 0 -0.159005473168765 26.370334167788982 8.27369871730308 0.025113767591230178 10.556236398196813 -10.563137092520087 11.241661382082794 27.571167941575563 5.153115581238325 0.05838927039281468
79 7900 0 0 0 -0.18167984447607688 26.313672207889454 9.033007898682033 0.04424502585252781 11.850997604068661 -9.126794412586548 11.257646751454004 27.66940234972894 3.2270476855537478 0.06256659193977152
80 8000 0 0 0 -0.17217146272290962 26.536320762105746 9.30624483895673 0.036069130763443126 15.320879952071024 -6.325952158888036 12.690730379137122 30.726473225547537 0.3870919140501283 0.060240739298114916
81 8100 0 0 0 -0.12169624761576735 27.222852297652565 10.686313117281689 -0.023389910766808464 16.286331346707733 -6.996943571045806 13.144224908078783 29.417161750690518 1.2982727762204749 0.05314320446989341
82 8200 0 0 0 -0.12685854526438672 27.237165218094898 9.947817467579108 -0.010248964958434671 16.92911515368856 -4.689287466853944 11.58391579945917 28.094160091594375 -0.30025601826276 0.0535052780745061
83 8300 0 0 0 -0.1479782370091726 27.059751611382367 9.415210849145762 0.00852128236284244 17.88257336818383 -4.708572188855621 11.652930267800691 29.314061621703637 -0.6839296862895797 0.056164299325568226
84 8400 0 0 0 -0.14563311689898822 27.232457159229888 8.990845661663979 0.009215223281686042 17.525667408711406 -7.1845929458858535 12.114212906782353 30.664570577564902 1.5339836594338643 0.05508612973851009
85 8500 0 0 0 -0.16065264917758176 27.217932477469272 9.572477734597136 0.024051901030663646 15.96099991756373 -8.190958487482225 12.814894426712835 33.216458178405 1.9840994516730912 0.058515127799402065
86 8600 0 0 0 -0.1643478034978888 26.925014626932203 8.967204722578035 0.03263098891112327 17.166184909775858 -7.186215920345743 12.867767828016511 33.64415221668622 0.8660600953354805 0.05776750544940798
87 8700 0 0 0 -0.15558012790373665 27.17842826922238 8.828155594698885 0.016599771539503903 18.115145526324614 -6.5506807118839925 12.441011288430332 32.48714696191778 0.11579184008808996 0.0591451173505563
88 8800 0 0 0 -0.16977516732522713 27.51084146012246 8.896033884109801 0.031431063863469125 19.77647810619292 -5.177436043337014 12.489020340838788 32.10679338847264 -0.82547119897206 0.06218337834978045
89 8900 0 0 0 -0.17830150044509213 26.763519235160565 8.355081266256464 0.04112397329063965 20.218747439151343 -5.247944101174463 12.206632992549626 31.452253423828857 -1.2013119092419942 0.06397336856037937
90 9000 0 0 0 -0.1786231837389345 27.444077193523135 8.73159105941834 0.04071014284307742 18.88556142201361 -7.404738769490188 12.80983545910879 33.85254403317377 0.2508394710604721 0.06348654988942129
91 9100 0 0 0 -0.17457923285393923 26.98310940926156 9.674760629729558 0.039697801311741575 18.657532332897627 -7.3561635771581155 12.451042032998526 31.141623879936937 1.0248014802404626 0.061427702089220444
92 9200 0 0 0 -0.1645362750593264 27.283074228292513 9.446845949698059 0.03544984152678205 17.486938107182354 -7.784685245376238 12.053161036846237 31.33075208001121 0.8485044028264213 0.058683730722533176
93 9300 0 0 0 -0.1569918098387795 27.085667308361707 9.301855019964531 0.029870526418311893 18.098442567835242 -5.665804027390833 10.575021405784087 27.548282793933524 -0.05889328872910249 0.05792474100375458
94 9400 0 0 0 -0.14456238714710068 27.422362760274154 9.331137954616901 0.016486228271718077 18.98199579278834 -5.095439876611428 10.191636759960527 26.797869294485174 -0.7797206645039156 0.056229510206239175
95 9500 0 0 0 -0.15699004886052131 27.778796666273465 9.2392309606278 0.027873445539807154 20.110713662708594 -3.8067345215126407 8.934137399263495 26.215936915682494 -2.540446352512223 0.05873319190487867
96 9600 0 0 0 -0.14953318733945226 27.641379324064264 9.597864714271601 0.023286184940468902 20.131064466358055 -4.0541727190217935 9.297829432584358 25.948581446473156 -2.8401446561758856 0.056578576790625446
97 9700 0 0 0 -0.13079175932379197 26.943572491788778 9.833538447968182 0.008913438240854958 17.672467792547792 -4.181593903665043 10.65114540481824 26.114487802679456 -0.8573349621075244 0.05123399260109094
98 9800 0 0 0 -0.1407233308165126 27.169674747558005 9.808221156410532 0.014987659815465043 18.868959748191706 -4.808901220817134 10.776202817260277 26.945498992781644 -0.47021039741414516 0.054066267555308946
99 9900 0 0 0 -0.13457807792183363 27.004525725046527 9.510161950020748 0.009532415427700974 18.774635437091902 -5.1863330892431545 11.472576760139399 28.382918895462765 -0.019993023047892754 0.05268131117741061
100 10000 0 0 0 -0.13531761253330116 27.37454339702359 9.648504731086268 0.009867380337180154 19.512451568520696 -5.164717093549221 11.427647700200637 28.714255451003403 -0.29529723184531426 0.05354571779648178
101 10100 0 0 0 -0.13527694254540035 26.874431211215153 9.247473313405564 0.010644832011614385 19.331706300328193 -4.52101350627019 10.750372960655678 26.82076971001558 -0.32033651669229385 0.05375299237842489
102 10200 0 0 0 -0.13135955479699127 26.58607369198768 8.726247418991779 0.006726890576353654 18.45992580853029 -3.9704850135745104 10.325922712919951 25.326168576185758 -0.5230149624305527 0.05251833486346519
103 10300 0 0 0 -0.12059007360898855 26.22373466663622 8.394732054929005 -0.00395522455108481 17.27535361438369 -4.337133345956 9.902205461094244 24.088139793795744 0.13548266241847162 0.05029158837279832
104 10400 0 0 0 -0.12026299964913581 25.83496488693541 8.463096824946035 -0.0036351894266323853 17.47911021508522 -4.6848833295631245 10.210524926513036 23.594752316598036 0.7265387702283528 0.05030108520424494
105 10500 0 0 0 -0.11549535698971371 25.397006977976048 8.207931912320168 -0.008784195344600506 16.879346929355933 -4.620346041667275 10.65354542324581 23.336616905689436 1.1129743218642894 0.04927763379091864
106 10600 0 0 0 -0.1262648625084486 25.425964361196872 7.578172723193496 -0.0012287548596384298 16.892583454083905 -4.146262285102616 10.36410461224056 23.57349158589085 0.4587686718919308 0.05109018066393404
107 10700 0 0 0 -0.129792541399749 25.617991497601178 7.664242068425848 0.004101594463342504 16.651767156626157 -4.060199588355633 10.111436145547689 23.401359049589566 0.7281836747668021 0.05193899433093356
108 10800 0 0 0 -0.12630911043209198 25.73633431191456 8.074986366102312 -0.0007486858320843828 17.026664250093276 -4.024413399941386 10.42210877976295 23.749915365848146 0.5763194830094633 0.05168085529396338
109 10900 0 0 0 -0.13238306622411997 25.721131871687597 7.775977793342891 0.004492179524636952 16.86273503869843 -4.829960065805825 10.311128825976539 23.736308591385914 1.3996279235955813 0.05303165002297004
110 11000 0 0 0 -0.13610373041599372 25.94793867389801 7.912467866373688 0.009126100514234506 16.305927916306523 -5.057427339041954 10.238722074093035 24.530783113560442 1.7585097945931625 0.05328123037861776
111 11100 0 0 0 -0.13404533899297574 26.078796959704228 8.217589609952434 0.0079850203560085 16.502007333328798 -5.346777628367811 10.314353760375806 24.915566274643833 1.6981566020749455 0.05326008515507362
112 11200 0 0 0 -0.13995056437948833 26.018326752284075 7.903217610994938 0.011825616878952654 16.979058721681497 -5.5044630315967495 10.228144652768954 25.03517007483287 1.5701243350788516 0.05518345144667976
113 11300 0 0 0 -0.14053759826278017 26.168240622600834 7.898505851041762 0.0114821195609867 16.569566650344488 -5.674971084345037 9.684926014223112 24.264423920124138 1.9377607325583 0.05514925274675363
114 11400 0 0 0 -0.14069580695334138 26.22179641938705 8.029298237927943 0.010816383248280503 16.779475931053327 -5.344011125084638 9.530418495262477 23.78275187714612 1.4806646509011676 0.055079128547238246
115 11500 0 0 0 -0.14718843883871555 26.346799438034687 8.114038010299257 0.01869815845057003 16.956570772397622 -4.8818868437957335 9.307183305424449 24.12978885083182 0.9000812851618092 0.05583284512649905
116 11600 0 0 0 -0.14816952360878088 26.53825464338454 8.295091173309768 0.01917217608770067 16.723683085457804 -4.678261844308043 9.180186206953234 24.169609156762533 0.8403177293660563 0.056157181922239244
117 11700 0 0 0 -0.1485955591140598 26.327917432330953 8.41481388531211 0.020447578722191946 16.458033692610055 -4.211011784683403 9.621254744355983 24.687099112223937 0.7001009405724172 0.05571100392968001
118 11800 0 0 0 -0.14280279706950894 26.270351940889213 8.595237770999761 0.013985618487134456 16.66206278935094 -4.750662043459967 10.18059697557733 25.093187044781082 1.2812526759935983 0.054941535336165796
119 11900 0 0 0 -0.14795451305614568 26.20362056145355 8.536485451755933 0.019768401658309016 17.115808658054647 -4.3512338562033746 10.013020247364269 24.954218800967585 0.7358037443248472 0.055423034601151014
120 12000 0 0 0 -0.1520739811494506 26.061259945717193 8.353827860068447 0.022805238026232563 17.290096523175876 -4.2695949410883625 10.333508865199155 25.326464186024502 0.6921459403645427 0.0564574218801598
121 12100 0 0 0 -0.15074978460287375 26.05231411441732 8.392330922022932 0.021371877340472436 17.29111164071719 -4.16513520274707 10.252927666293775 25.30969143025834 0.6051011982024186 0.056016278922310085
122 12200 0 0 0 -0.15296145858768373 25.849277178192537 8.309303068825619 0.02485798915255831 17.40909897414859 -3.80261332878945 10.313977954935018 25.302485335156543 0.4984767961234906 0.05630190417634147
123 12300 0 0 0 -0.15628715068451643 25.997719315149872 8.25369670286222 0.027843322807819176 17.58465946427449 -3.7798102159646056 10.002280582512057 25.289073455421395 0.30236116959382514 0.0569546245654567
124 12400 0 0 0 -0.15910095875693736 26.055313551110444 8.22638545369246 0.031118280847311663 17.561059796350257 -3.2630098270944323 9.660935353256232 25.07320432783697 -0.16258871470243674 0.05719316819692795
125 12500 0 0 0 -0.15742860949732052 26.162403809000402 8.448032315265333 0.0299474805420315 17.447630331962802 -2.993159973411038 9.869053095014177 25.533215851207114 -0.1956812329504009 0.05688131623009674
126 12600 0 0 0 -0.15592635110363184 26.197908137683427 8.390410117188527 0.028251652273864787 17.322786855294495 -3.562250197503208 9.666033905585493 25.209664638643297 0.1335113335376514 0.05659477377851489
127 12700 0 0 0 -0.15526763988862463 26.13579714811131 8.556067129653792 0.02792368853643333 17.195871239546765 -3.4438913046934116 9.94870622732444 25.658643873600774 0.10783248254936745 0.05645390056337156
128 12800 0 0 0 -0.15282547603676055 26.011011767830013 8.517342870428026 0.02528537191261078 17.274565909626222 -3.16615763032797 10.211340951985095 25.722086855631133 0.011283959121627267 0.05622971452274353
129 12900 0 0 0 -0.14938659826511552 26.16485579588999 8.6431543478406 0.02234067329051167 16.878990301670058 -2.9207787192535255 9.780878751172178 25.241947085835648 -0.08908206713101377 0.055620077493212974
130 13000 0 0 0 -0.1471206307258311 26.291302227310407 8.65595932686314 0.020814363413694286 16.752453900760422 -2.5627289248378275 9.222527778232877 24.573775777298337 -0.34121754943599536 0.05503289772213105
131 13100 0 0 0 -0.1455298109904458 26.285852230251876 8.707627088264221 0.01992057817127686 16.617987032749664 -2.6728777491498223 9.010376854416378 24.1495909851103 -0.20446782188358284 0.05488919526172835
132 13200 0 0 0 -0.14607360694348837 26.12058562141975 8.443974504791182 0.020930133202389893 16.89923274630806 -2.5631608122109757 9.216295630289423 24.204868298976663 -0.3530456258917574 0.054871729501176
133 13300 0 0 0 -0.1463961554654736 26.09566669269917 8.245982400071863 0.02221189987509559 16.71312897574738 -2.649355242727774 8.842747000325144 23.60028633782678 -0.2710014249018797 0.054898701809085154
134 13400 0 0 0 -0.14479090292820102 26.145517138200443 8.321511384808415 0.020829278803832958 16.61183973296165 -2.7787711537367494 8.729516195844502 23.510192269184014 -0.22073350356066582 0.05450115655325305
135 13500 0 0 0 -0.15090874480590144 26.093327971609554 8.009781600962674 0.026762333602203592 16.9206205427051 -2.694226126438036 8.615903367403812 23.50375784584191 -0.3695906245379658 0.055559800972402
136 13600 0 0 0 -0.1525450811234344 26.030993434371517 8.112269755102735 0.028354448583008007 17.060115781206107 -2.7076266892900316 9.06435693225172 24.252492453147163 -0.35677268689525754 0.05594465925051685
137 13700 0 0 0 -0.1541216610239649 25.982829865235004 8.185816116108567 0.029695968171376687 17.11856278408635 -2.759202999085624 9.237528027362359 24.53185173858367 -0.3576449423381146 0.05613278722744835
138 13800 0 0 0 -0.15555303342453058 25.935965564090324 8.183441217278135 0.031677840855546334 17.0517589740029 -2.3103199241932377 9.434491840135896 24.948453915451744 -0.6250872253108557 0.05634326781138945
139 13900 0 0 0 -0.1567174585845098 25.768580060493612 8.063699961634114 0.03327622700051151 17.33207781474897 -2.2005020707050273 9.666369913466887 25.15436752552109 -0.7377785094608383 0.05640093438966408
140 14000 0 0 0 -0.15868874614183712 25.874183007706623 7.990410075232944 0.03455455244422832 17.212710155225786 -2.476063101745409 9.544886438382317 25.094783183025854 -0.5787948923335922 0.05670464537120405
141 14100 0 0 0 -0.1569158041731849 25.86948788159642 8.271117472154733 0.03250232602762408 17.026954354432277 -2.350737596269325 9.790695989218396 25.41932531870293 -0.56900099637735 0.056446302969350375
142 14200 0 0 0 -0.15652230781920198 25.767825208150988 8.2542497529797 0.031591532982167304 17.225243744646576 -2.2449728484288283 10.20478642735263 25.941701142504506 -0.6254647203408045 0.05641039507837259
143 14300 0 0 0 -0.1569999947749047 25.724857091455597 8.105122451755932 0.03164028409845161 17.14116944935987 -2.232038547052878 10.289169298703102 25.894433236116562 -0.4049666998766704 0.05656849359068717
144 14400 0 0 0 -0.15942697276749118 25.740952329234933 7.984664069133828 0.034407314629738055 17.19257277282044 -2.2202047516296224 10.342023126494986 26.1406367088631 -0.5821036507707261 0.056763564612608994
145 14500 0 0 0 -0.16199854842435207 25.881521122911366 7.8577953951417285 0.03672577556323704 16.999707248816385 -2.246597050962409 9.811330142706236 25.61148288720681 -0.5991863374407702 0.05725110881683866
146 14600 0 0 0 -0.16223347091172313 26.051003909630346 7.873189102725716 0.036366583937848126 16.804919706323957 -2.3055048609970274 9.73849077042409 25.745273077436444 -0.553503736922767 0.05716269482829064
147 14700 0 0 0 -0.15967118310850564 25.953043511796036 7.952760469962685 0.034353825537548996 17.06448709687122 -2.075122583138638 9.747582260171747 25.647628533496032 -0.7970980592914595 0.056812794152679466
148 14800 0 0 0 -0.16029306145481564 26.04713102008769 7.997332598188812 0.03503179120054757 16.994877704679887 -2.36678613886556 9.567469696684128 25.540951114399952 -0.5794651592783917 0.05696312573882288
149 14900 0 0 0 -0.16106719419030463 25.966821587738405 7.8191980744478276 0.0361509289495274 17.112997864151392 -2.320915694156974 9.392648981270948 25.213293266815537 -0.7206893512742831 0.05705103209063407
150 15000 0 0 0 -0.16239344108795273 25.990932975409812 7.959443909330039 0.03687671195889712 16.93786177709603 -2.5447802922326974 9.560177937326586 25.450433952504223 -0.49171539753406646 0.05721327452735092
151 15100 0 0 0 -0.1631157873997472 26.022877239472585 7.782453407438229 0.03767720461231465 17.143121597932172 -2.7821993866979966 9.341158927262715 25.16668719944156 -0.3971804115546099 0.057372674118160966
152 15200 0 0 0 -0.1621712343640329 26.085907400064244 7.715947982520497 0.03645389399461488 17.11066164113172 -2.723235150075498 9.19370743902607 24.941526580405657 -0.4399789485803349 0.0572453937353949
153 15300 0 0 0 -0.16263078698676875 26.08252271195081 7.584053659252399 0.03680779292769799 17.237470671191332 -2.660869881547813 9.146429426695207 24.828734354888688 -0.4525267567897887 0.0573055903521614
154 15400 0 0 0 -0.16342400729964704 26.108466225726907 7.50541093051622 0.03715851143945688 17.113498272033922 -2.630252119495279 9.22235552053009 24.979019113071473 -0.3689656196674732 0.05750506860800346
155 15500 0 0 0 -0.16317779692256862 26.214484311730285 7.422470235358233 0.03641893764100092 17.040403215638953 -2.7282905982158887 9.003551849690894 24.710587768443776 -0.35451368772558167 0.057479764485207696
156 15600 0 0 0 -0.16438441058691775 26.131567488747653 7.359223278099222 0.03751421004016181 17.12150563662724 -2.5845659051693737 9.017901819650556 24.715787319490083 -0.4860121593200932 0.05765737866066997
157 15700 0 0 0 -0.1637464190115421 26.227791362206197 7.455418049777713 0.03683128745708038 16.903465559587723 -2.3994525596386262 8.995538581125468 24.831251009213517 -0.5819261295460358 0.057579956608470345
158 15800 0 0 0 -0.16570683890442156 26.141771976386185 7.408199743061391 0.03859017952740858 16.886224206629294 -2.2014642298015032 9.346865129599994 25.32619683763074 -0.5906324480230122 0.05788648643294707
159 15900 0 0 0 -0.165058046421451 26.12867696488255 7.620613403862686 0.03757808417649683 16.88139342092395 -2.2177447559996977 9.680907186819173 25.832399774821816 -0.5947321574718293 0.05766966658805876
160 16000 0 0 0 -0.16532873389564917 26.193637948230624 7.833027332325863 0.03842428319301307 16.74272533882816 -2.191817167725527 9.674493238544455 25.936121113353916 -0.5854743435021603 0.05757205348774527
161 16100 0 0 0 -0.16670110329285212 26.307998644658106 7.751623566719335 0.03964644510242919 16.640093944426628 -2.1964876505925517 9.426183593596996 25.8252081583275 -0.6641237928254924 0.05773702261426139
162 16200 0 0 0 -0.1662456362127148 26.30336001462473 7.9008215455222714 0.0393034938391506 16.500139946875848 -1.914460341977263 9.592530970667585 26.151961781262777 -0.8380001970953734 0.057603593941263256
163 16300 0 0 0 -0.16611815658731144 26.29205024605278 7.6221734796935685 0.03907217526177145 16.5807335532003 -1.717076697984076 9.437557257938806 25.857104346198238 -1.0118654894152594 0.05764310204464296
164 16400 0 0 0 -0.17013291781763382 26.378509512060823 7.376328571464192 0.04279916300520083 16.551675379163342 -1.4946499249935221 9.089371538421211 25.614972015812917 -1.1533045073546466 0.0582637388576347
165 16500 0 0 0 -0.1713821559978162 26.322927059700646 7.42895928398868 0.043745802767316294 16.711822306150253 -1.7460872739925515 9.204941095968017 25.79875839776995 -1.1555961451165953 0.058415273014046434
166 16600 0 0 0 -0.17336951780290247 26.475134743524038 7.463966005879838 0.045737211318618146 16.339796552171407 -1.4541469936489624 9.029176492962629 25.910074524141947 -1.3851380413967571 0.058471853520405764
167 16700 0 0 0 -0.1730891108571893 26.418358464805188 7.2417940639003495 0.04630762189908974 16.62967222461039 -1.384517311566189 8.834198008788203 25.570680313249525 -1.5425756085730198 0.058658229204725784
168 16800 0 0 0 -0.1699314648163453 26.34312667991366 7.519743096196442 0.042650331771774914 16.66661384778007 -1.6948765102800107 9.381935205035196 26.07045547048387 -1.1665025581592894 0.058197705843737124
169 16900 0 0 0 -0.1736537660013988 26.360160058503304 7.311887597388172 0.04594846281960881 16.634676999188308 -1.8032399768866267 9.311457006950507 26.120654113889866 -1.1899562174180647 0.058660110506408986
170 17000 0 0 0 -0.1693547351263749 26.135967925878056 7.554328445158147 0.041818611496739 16.86541685653605 -2.4669123233765675 9.966218748088945 26.45650207134451 -0.6028248505328677 0.058003605246175954
171 17100 0 0 0 -0.17025159263378686 26.205129605981423 7.504431451839009 0.04258354162775868 16.822476675626852 -2.814398733492323 9.812208186743216 26.321229415324588 -0.44855874429875386 0.058117266780700394
172 17200 0 0 0 -0.1696407562342024 26.148813307756257 7.576242931105873 0.042054233256158875 16.798527939978456 -2.72159396980554 10.105817655837722 26.77079813619001 -0.44936021902707957 0.05802856084740228
173 17300 0 0 0 -0.16845717039495417 26.193662780402235 7.667012907357066 0.04078781624898853 16.83308561056692 -3.021855123702858 10.054276512918271 26.65616112441043 -0.3644372264195961 0.057704179820625194
174 17400 0 0 0 -0.17006559072513078 26.194983212169802 7.483873449840286 0.042581883153733596 16.89343475757431 -2.751473837163152 9.772728341300251 26.316287435434866 -0.6064997304887164 0.058030137693985975
175 17500 0 0 0 -0.17086071300585165 26.193033503776796 7.378605011216569 0.04378519223835112 16.903513860543775 -2.676997978136832 9.61849291318704 26.10514158594184 -0.7381845740833495 0.058043342213220814
176 17600 0 0 0 -0.16928077507772893 26.140695240946698 7.418279378276704 0.04189978188087949 16.98772176263531 -3.0388405886342937 9.899895243513775 26.37437289017882 -0.5085329491180296 0.057837320786040536
177 17700 0 0 0 -0.16772389536559973 26.082179285171282 7.760175724505244 0.03994177368430801 17.01750730920782 -3.2383730333429166 10.471743622734923 27.111920316492416 -0.32344885288288183 0.057475142548173416
178 17800 0 0 0 -0.16785602247016643 26.10926278730888 7.807554333821887 0.03984739790585239 16.981457667689362 -3.1460250220757753 10.383954567562158 27.02424336678468 -0.39962633054525515 0.057533587942619896
179 17900 0 0 0 -0.1674878204096226 26.03369951135493 7.78850509931282 0.039261092683390494 17.042965074182387 -3.423143500772333 10.664194739502335 27.299946365619903 -0.19251136955175938 0.05749960409051555
180 18000 0 0 0 -0.16656291571853096 26.000680423543532 7.914757189431559 0.03789080003512635 17.047920156563883 -3.7019927155794465 11.03711333393533 27.725384153280302 0.02739927427796747 0.057288865536207115
181 18100 0 0 0 -0.16783835770864197 26.053231265300976 7.680582398534319 0.03924398977515134 17.020232645942027 -3.6775326094143184 10.820782272861333 27.59713426196599 -0.08288250601366051 0.05753039778277136
182 18200 0 0 0 -0.1699447508469984 26.091592423572166 7.390649633937966 0.04067180340794813 17.098215772136527 -3.7957497945907246 10.574414828326958 27.329005078968162 -0.15239413526210072 0.05791223120001538
183 18300 0 0 0 -0.170595858903822 26.002913424914468 7.032149217720111 0.041636567718139034 17.23392636843026 -3.795561928731199 10.432370108730883 27.06400535565506 -0.21789107771298313 0.058178867187838205
184 18400 0 0 0 -0.16961180635130824 26.035102742918966 7.207061745487015 0.041035943711688755 17.22700043901885 -3.7266252979787633 10.392133601993235 27.04626511134817 -0.2959356944113517 0.057926167293944536
185 18500 0 0 0 -0.1710245355186932 26.116614643733314 7.221442231657415 0.042425340808282724 17.040494481763155 -3.2694799741434797 10.34161239551724 27.212715633633817 -0.6122069038464676 0.058029765188391536
186 18600 0 0 0 -0.1685619208792024 26.056453833377084 7.356299058762693 0.04032117031402077 17.015891544132447 -3.4610240514137187 10.517109196359254 27.270193830783967 -0.42513251218646964 0.0577383928556416
187 18700 0 0 0 -0.16902377241236544 26.151405104016114 7.289629248726417 0.040725372522887965 17.043260879420394 -3.2963191812583235 10.18455589955207 26.95945199369405 -0.6154413875432068 0.05789607441254191
188 18800 0 0 0 -0.1664141911128078 26.129043916172254 7.59010736621063 0.03794571686175095 16.936628973303094 -3.6386556665420167 10.67240687514321 27.51913242536657 -0.27256278796703187 0.05741549644163263
189 18900 0 0 0 -0.16764167209747283 26.099635927995077 7.4726047208255455 0.03891520347375805 17.26693616106118 -3.73640142021381 10.436439260499668 27.17543620853955 -0.36407767989689943 0.05780702783030851
190 19000 0 0 0 -0.16970027049918207 26.15217081243943 7.398756470688733 0.04096101303621755 17.328126136427027 -3.426385272529977 10.28935645712887 27.146368815438862 -0.6087301449647406 0.05807939005444726
191 19100 0 0 0 -0.1691784684877385 26.225665012546116 7.489001388683848 0.039738612524391315 17.11555499134868 -3.4424939182936676 10.445420281038265 27.5375865239198 -0.5427481596137558 0.05800858224677459
192 19200 0 0 0 -0.17009773432185482 26.243730282279344 7.626718025336107 0.04071319421959477 17.143215529373776 -3.3805056399127418 10.457149463526852 27.58337876208249 -0.6165459909100981 0.057973052781805076
193 19300 0 0 0 -0.16870340467070866 26.292936319844188 7.961966329979439 0.03915034824410222 17.070743465059333 -3.5921323272460555 10.653963267486038 27.876046581426387 -0.4647429888742261 0.057690621721865024
194 19400 0 0 0 -0.16993082745627913 26.332931269655994 7.691787438411109 0.040519240274952836 16.917519559578555 -3.28224165514345 10.413949239580974 27.63355268722986 -0.6110502215472766 0.057877873005637695
195 19500 0 0 0 -0.17078886104059432 26.39231992020369 7.831021021209649 0.04088346728243636 16.895971939437004 -3.2308851298384176 10.4372567804126 27.84917010908871 -0.7794187335791962 0.05789012973275043
196 19600 0 0 0 -0.17253001674398188 26.473574136669 7.635539487926286 0.042746173094668063 16.887328509134008 -3.092387116957023 10.069845233729431 27.534050240244138 -0.9985469450378297 0.058141013798579624
197 19700 0 0 0 -0.1719109272082423 26.52653363564636 7.794625476131102 0.04274273435073374 16.882173400246955 -2.562135139594149 9.742729253319109 27.153768843834804 -1.307195159608524 0.05818946695333497
198 19800 0 0 0 -0.17200555573161846 26.436220242463293 7.610168082313173 0.04273517908662941 16.985090961883284 -2.8097130027721953 9.962742660292474 27.362793246816317 -1.1946536738592837 0.05817898279897918
199 19900 0 0 0 -0.16992819499611836 26.423639096965303 8.034392871467844 0.040443009954998166 16.892136209010253 -3.0029676294352194 10.277531972923512 27.674054012724334 -0.9586021628629222 0.0577550533178655
200 20000 0 0 0 -0.17191429868763292 26.491921335989595 8.014550806452023 0.041950596396042386 16.847526978759564 -2.8413245461675176 10.15983604734979 27.68275569175947 -1.1256520729841775 0.057975709825215625
201 20100 0 0 0 -0.17549238715122445 26.534191676201054 7.684859854537588 0.04516110107627244 17.027238332440447 -2.713598561361248 9.793987432072086 27.330676807915196 -1.366057425759993 0.058565337781735075
201 20100 0 0 0 -0.17549238715122445 26.534191676201054 7.684859854537588 0.04516110107627244 17.027238332440447 -2.713598561361248 9.793987432072086 27.330676807915196 -1.366057425759993 0.058565337781735075
