% # columns="iter, evals, sigma, 0, fitness, xbest" seed=42, Tue Oct  7 17:01:39 2025, <python>{}</python>
1 100 1.14230810172284 0 -1.4404164099567787e-06 -0.6017066122293969 1.8522874459230139 -0.013497359710856156 -1.0577267947388274 0.8225613631659413 -1.2208741714437883 0.2088698610065951 -1.9597387135344233 -1.3282391774029496 0.19687009482406265
2 200 1.3556450272201985 0 -0.0 0.38066489579856727 0.26211973976566355 -1.3247772348135722 -0.24975525587550892 -0.14524654109239105 1.1741487810827116 0.9140265150216803 0.01615566247228839 1.1112612389200311 -2.0193770682051033
3 300 1.4244095816710094 0 -7.952440352457939e-07 -1.2106773037996323 0.41653080967931627 -1.3471691735880575 -0.784679709851609 -0.610577793835837 -2.8444303039790144 0.3995951030928274 -0.9653355595310034 -1.1789414125681719 0.11682185808429546
4 400 1.6197441487503363 0 -0.0 1.1943198979096699 1.167258760096781 -2.5842311507508136 0.15664144203084918 2.435424415440098 -1.4960717588435468 0.1893785156257648 -2.321973179505661 2.8713475714691787 -0.1293812046433671
5 500 1.5337660698276863 0 -4.840892503394399e-05 -0.18618516567143606 3.145022888505082 0.234733081416868 -1.0369807389864678 0.788990060716181 1.4327126087319118 1.66829159418036 -1.249289072059005 1.8767205517652397 0.1701876145992287
6 600 1.6231092852457387 0 -1.439360345947923e-05 -1.6047144744753148 2.8925810284472067 0.6311217051063105 -0.18316227081679787 2.4398691870954017 1.7794413631375545 0.03532275809835794 -1.1164731610032177 -0.21444233814773794 0.38721057336644327
7 700 1.7038131769282479 0 -2.3159420259384262e-05 -0.42427421739440674 1.6952387354384955 -0.17272991112742342 0.38400659045464797 0.417412640691443 -2.963587167979309 0.28576950541469787 0.6677287921202664 4.642538933211024 -0.0016570515984419831
8 800 1.811531066338327 0 -3.376765995792026e-05 -2.0382455017366503 3.602874191864516 1.0887215133426742 1.3435358662232173 -1.907260756459871 -2.585689731949498 2.228831351508854 -2.005242410430319 -0.7353940136755864 0.25915488586181357
9 900 1.8481448038306139 0 -1.926617748965945e-05 -2.1241071345612546 1.9228029052247204 -2.9607590493218585 2.889462876732817 5.019216469815857 2.2873334181342004 1.1654743857078134 -3.336899164098176 -2.391021833201414 0.21918691489014686
10 1000 1.856405321794659 0 -7.762863464249971e-05 -0.10849625572663818 1.3505173149089804 -1.2254243573200603 -0.41521933524921306 -0.9335781925406144 -0.5037479504234466 1.6670857824541487 -0.663825854434916 0.3903423046063027 0.026351666469193402
11 1100 1.9721659158222478 0 -0.00010295694982830097 -0.9294625823498273 5.884053631851829 -0.9854261847743804 0.5256416280847825 3.819595044032067 -4.45970577795193 0.061568488486052786 0.9907408258751398 2.8581700029820034 0.085414868482105
12 1200 2.020692314997262 0 -6.43259354386783e-05 -2.0810250292418377 4.819340894587901 0.08583649966578033 1.6700829256746088 5.137164809263965 -6.516225967180139 2.5735297511643696 -2.3594149966825393 4.965009039353224 0.4490192855997204
13 1300 1.9574051363255764 0 -5.330463522188141e-05 -0.08942924937767727 0.9527260912066717 -4.254311875990965 0.4024578923361588 2.8444712770860603 -4.256345738388471 0.5251408853938087 -1.8909689366152111 3.158825942950859 0.0006713869658896421
14 1400 1.7903985901248707 0 -1.4142097307987139e-05 -2.61256408038219 5.3714463225830045 -2.2867608303050417 2.1196823333618795 6.73806769964832 2.0161376693306168 1.796544263392949 -3.0969349908866053 -0.9114232202000085 0.3878345156794438
15 1500 1.7182006686337536 0 -6.0521239405605555e-05 -1.6043969658477386 3.823129097785531 -5.042620955737399 4.588419452105088 3.668550499353112 -2.070739842556644 2.3199537008619284 -2.892827429726582 5.752597929682017 0.0855210441370009
16 1600 1.8185212901288499 0 -6.88265469150011e-05 -1.2922359966065742 9.363027657085606 -3.5195970253983244 2.7385119685517534 5.694984142536209 -1.6814689539826457 -0.8394267766258805 -3.420783528927657 4.4052412818579 0.004806807532929724
17 1700 1.7860990545127242 0 -3.3554337448663906e-05 -1.2112807148917852 2.36681010679348 -1.3929555291909494 1.3120340532158232 4.9706244460560525 -1.2978450707453948 -1.400310631473283 -7.1367442147487985 3.288228921111013 0.2646807577264958
18 1800 1.8622831817589356 0 -6.234832213765406e-05 -1.5925492671420782 5.04017142675568 -3.94321392258206 3.208560710201837 6.3366800758817226 0.05607585391525127 -0.15738626348132034 -6.695413132578835 -0.08725335900506259 0.0692547160004584
19 1900 1.7689410158234078 0 -5.3713649705886386e-05 -1.8023827940988841 4.761479855119082 -4.2306944666860815 4.9220067552202345 5.476712723214775 1.8447648502431284 -0.09725211424437252 -5.264316994329002 1.6600575654090675 0.0649394888068946
20 2000 1.7941631619279397 0 -2.821857336963943e-05 -2.2024857289656494 6.981341645066404 -2.460984769034935 7.490647602749112 5.536010301266462 -2.7260224709895358 4.126236372762713 1.2045335337099914 5.02673829863295 0.001912952920737121
21 2100 1.9950860463389701 0 -5.99842854456281e-05 -2.2644888375868555 6.8508372266990065 -2.8640376372596505 4.845905966645763 6.71155560018552 -3.580763185635138 1.6394559618137219 -3.9881915052538557 4.456769779155794 0.1320909869747381
22 2200 1.99305966014083 0 -6.817590476718214e-05 -1.0971348949762882 4.134945964489261 -1.8607002358638007 3.5134653403167393 4.52013061289704 -2.5609740587842627 0.1795613925492523 -4.381847020773754 2.778418197486598 0.025869680392467953
23 2300 2.055465322719342 0 -4.551228313338206e-05 -3.1550048507978063 5.856254455879805 -3.148549738890228 4.592809232834252 7.006838066652028 -3.0010763332929073 1.0668228214410012 -6.4219092848375325 5.3381963494167675 0.3988591245083468
24 2400 1.9979803100238145 0 -1.5754285412153213e-05 -3.235401929053822 7.124264576737856 -2.0422601401693714 0.04103944066692078 5.030411719309634 -4.528226649554368 1.0245411260242274 -4.7017570859879525 5.188055631278546 -0.0014201457904904347
25 2500 2.0100032696498586 0 -8.287436896389553e-05 -1.630219953595501 6.958370857398008 -4.0972859492691285 1.970908908153159 6.199375795268773 -4.144008242581118 -2.5468391975540925 -8.33691696381801 3.7190629633955887 0.14996404777721972
26 2600 2.112200049125294 0 -9.584280421709692e-05 -1.344060022983949 6.891269253910889 -1.5112108531866921 2.1129787650664262 7.07178375882662 -0.6338943268069814 -3.0026100507710085 -8.034534938917881 1.3878138617833353 0.08408274219326678
27 2700 2.0651376510956045 0 -9.041018173225844e-05 -2.1918397947234607 8.574282416680624 -3.2642621916948507 3.569995007894552 7.537506021595046 -2.426643196615327 0.6758355645201253 -6.572219947766243 0.9692612276998065 0.19459116104173602
28 2800 1.997337150947997 0 -0.00010722900838329196 -1.1233882286225576 8.451927633223034 -1.2174220065565389 2.464556126323513 10.724495075699753 -0.8454455911448896 -5.287491479007616 -9.0256259553347 -0.2991348363196815 0.030309447694444047
29 2900 2.3553205291914634 0 -0.00011964412275127083 -1.2090930945961775 8.284519291780759 -0.8601635001775647 1.0895672793386035 5.092510908796475 -2.02656501463293 -2.4353929109623924 -5.883668104455581 1.8275910828036415 0.11283192481198456
30 3000 2.2108552555179783 0 -8.978181028245113e-05 -1.5588740230876272 6.082463820978699 -3.808316510355814 2.559038460615269 7.85371286156983 -2.3423171586462477 -1.4960797284827678 -7.4413903380130915 2.025402029787717 0.13322244895083515
31 3100 2.323443105473297 0 -8.396058807602486e-05 0.3151109014156246 6.801029698960484 -2.962401739913012 -1.6700947281088192 6.109836591710335 -0.7833203533181252 -2.499614649967914 -4.539379091230553 -0.2626534062103265 0.10572826907947992
32 3200 2.5369659651684957 0 -8.98548320497645e-05 -1.766027063564608 5.526023378259087 -2.848896408480009 2.187966011320885 7.519238470661849 -1.8296386856963234 -1.564786242486713 -4.989776937450205 1.1972409986901797 0.3052793301853126
33 3300 2.432651509214565 0 -0.00031881769040177107 -0.5544787801706348 9.443243817739546 -2.1769254361612376 0.44189081357102844 8.300522084256789 -3.8395379373177483 -2.7498963176996343 -4.917437240037312 0.8370252370792037 0.10364022277292814
34 3400 2.4983740092955355 0 -0.0001755748685448137 -0.7053927507026521 6.255100791232843 -1.9410651521479882 0.7274050310457816 3.790891014983578 0.16708100251302316 -0.6721576798013567 0.3842170969371601 1.1537617761591208 0.09347867284785634
35 3500 2.6847780639191834 0 -0.0002751306979487182 -1.0056011762551238 13.591014708153063 -3.597639399947996 0.7100874875475485 8.824927731197535 -3.9879777510475547 -1.605979580449654 -3.6149536615682294 -0.10189649621514008 0.21269063408468164
36 3600 2.855255579467719 0 -0.0002916996326012976 -0.3422309435254962 11.712121674143662 -6.56612249315956 -0.19709396100784926 5.332840802899215 -4.5019911748848065 -2.3751455167351354 -3.8743003807146343 1.4461962705783376 0.040355277345475296
37 3700 3.177526749881466 0 -0.00023859773543139843 0.09318236385021428 10.006446425589257 -2.8112190194139224 -2.174600764799896 6.332028183905027 -6.64555243770932 -3.7205132644919483 -4.911129782057371 -1.4458324522842734 0.02300673540054564
38 3800 3.551097998436615 0 -0.0003345990300909984 1.155038946444467 17.971983722839187 -6.501040500655389 -3.3235858915407683 7.372673024412947 -6.627371923328692 0.33332512102920386 4.577579544767627 4.729420478561719 -0.061867999868610524
39 3900 4.028529143342286 0 -0.0005354181408418915 -1.0551177079855916 21.967593676347384 -14.688268446092032 0.7928239268852363 12.239122752836565 -12.253060055740349 3.1145515182496935 9.381559808071392 5.950197429198569 0.22079198577287173
40 4000 4.608796318685347 0 -0.0005731305974248077 -0.45818209553897526 18.508947264633157 -12.354212981887194 0.19893945420621728 19.80620427369407 -4.617910596308684 1.0650881070661917 8.199944460469712 -0.17914563157984564 0.12345562935522388
41 4100 4.889192421031078 0 -0.00044189135591609247 0.12300366674091162 15.262585735835929 -5.250769376283438 -0.8613267805997952 -3.9219647936109325 -15.712641592274075 2.0220715517289314 5.159648190298935 3.4999910419816356 0.050968945843003634
42 4200 4.428014712109594 0 -0.00035428292111951555 -0.27141057952728276 21.18946514421152 -7.094338364860288 -0.7769755377847072 13.617909697463013 -0.8985095010904391 -5.330364311257915 0.9293024840565196 -6.202381050672207 0.11008759078247832
43 4300 4.542662439589839 0 -0.0004830591901620438 0.7745677098571372 26.577669665937734 -16.029464798914532 -1.6462386048622435 14.084848126581074 -9.934097188550039 3.6531548836157945 16.015769354655664 -2.9671301180557585 -0.03397604220803153
44 4400 4.652618625128392 0 -0.000569836549210733 0.5543185662217573 22.870129512178718 -7.339465231428165 -0.8224066683432398 12.044826591690766 -13.867088442861427 1.5998453508792376 10.714613929925445 -1.6112840811025124 -0.057979034522837425
45 4500 4.422583013791422 0 -0.000531315369245297 0.11406203317025154 22.23336810023366 -15.059334752288455 -0.24345198664939116 13.470900389319803 -9.889791875202425 -1.07703219395419 -0.48731111822589845 6.964145414955034 0.058247824830446514
46 4600 4.384512159070566 0 -0.0005505001374215578 0.4940450210098757 29.076779181856615 -12.160168419802753 -0.8314549241590434 19.162695039947625 -10.154915380841821 0.41863303332504004 10.864180642918667 3.359116134354069 -0.04383152419748434
47 4700 4.186919566910362 0 -0.0005889779017523187 -0.5689409639315173 18.19594397610952 -12.040575296260261 0.4118183948915837 12.775116751249566 -5.710757610637925 -3.507726339917365 -3.111051210464886 -0.8627634691497161 0.14737970945062318
48 4800 4.434042522140961 0 -0.0005705739239335981 -0.1383042384433701 25.81548218630011 -13.443136245895008 -0.20508274011993355 15.107654569574047 -2.6228169679022866 -0.6315248301682664 8.686948957759423 -7.3752257511953925 0.16713020416666186
49 4900 4.073284352350541 0 -0.0006406695888160417 0.15391306088611761 24.066407508028774 -9.210249371232479 -0.29231367010034626 14.8033434234923 -6.236748560546879 2.9857424078472254 8.901896375054566 -5.891048839742914 -0.024143854917232282
50 5000 4.218361176445383 0 -0.0006896825025932467 -0.12021557770059824 19.39089843333626 -9.927178396964074 -0.06222035434399176 12.634034793508057 -0.814400840939383 2.7955892210408595 10.208673830904365 -2.9012975995753325 0.06278777884758811
51 5100 3.8107223770096197 0 -0.0006561107426454819 -0.2456687978600413 20.595685235782938 -3.836860924807673 0.1446873000507487 6.93416173140836 -10.974766564826556 -1.7869999016865366 5.446633490689695 1.316122502842557 0.03846032603508203
52 5200 3.9709361216204107 0 -0.0006505992549101834 -0.27317257800238487 26.706949248567465 -7.588187098702107 0.15162840078898393 14.195911061842285 -11.426199314078683 0.8517037634625999 5.327956487137284 3.3781783023975707 0.05385409684976885
53 5300 4.182767427115634 0 -0.0007043940794715102 -0.005439230397143939 19.087328748990146 -8.48156187330539 -0.08673276285873044 12.554974498520643 -5.532972533030047 0.3392395750129468 3.3236667029298728 -0.5739776542013937 0.032973860934325167
54 5400 3.835310090153021 0 -0.0006717760524830276 -0.09000582740379655 17.385296173124065 -7.761001140312745 0.023828846637656276 12.106227400508144 -8.088654072543953 -0.29323398682634005 2.4067809379813836 0.6160694707206015 0.029861934427172193
55 5500 3.586234243081692 0 -0.0006661093124023525 -0.12356034684393453 20.763275826635777 -7.743725477170278 -0.05339208823292768 11.473737710157184 -6.144180098533739 0.684889031513324 3.7493235437607693 -1.0299047208915693 0.06569748305724753
56 5600 3.8901497590436094 0 -0.0007015189246045224 -0.2949351961547745 25.788591000365837 -8.500333354670211 0.1113198720463138 13.55816575098637 -16.211596914898138 5.278473217597772 13.448124262437805 7.361252183602761 0.09198705493943356
57 5700 3.9828723402098065 0 -0.0006920466560579005 -0.16694902022724856 21.65325160142109 -3.9866222937061417 0.05400573646645401 10.430894104919538 -11.42705488193459 1.0358545074452477 5.226679381141411 2.298800892915566 0.0319063955302477
58 5800 3.9397940746610707 0 -0.00070411548352235 0.006895770711360771 25.309883792189122 -8.032399333063982 -0.1721513190629824 11.997795162279289 -12.844987235251688 6.109670031368159 17.826596217729577 1.3629946286692973 0.06054988592374304
59 5900 4.260930268449015 0 -0.0007126191040332743 -0.03442247911223155 25.220672631015027 -0.9089734060832777 -0.05188559518269827 13.47217644506218 -10.641320383080094 2.1693522089509516 11.375185277033804 2.6416635027928517 0.01616477991119928
60 6000 4.4607375248737435 0 -0.0007013432335515245 -0.18493439399976422 17.1247148462045 -5.635386521833468 0.11429814466425209 17.004500930520777 -1.7441747203729498 8.000574170913879 18.973282334241315 -2.401486360718843 0.0425895054712584
61 6100 4.831959914926587 0 -0.00070410944647226 0.0042630452751013515 20.253397920220834 -5.4870592944979295 -0.14937631161148235 12.546621625357966 -4.78380940696121 4.735347452806916 9.710744771303945 2.059991676909159 0.04549763241818612
62 6200 5.105184763182906 0 -0.0007158279316968145 -0.03202832949609646 20.957735205942065 -8.596474036747484 -0.12906525434102564 11.83074342240164 -16.00263992154082 10.865438873125054 24.755571454181215 2.3001430990710867 0.026800741033348757
63 6300 5.079804417674664 0 -0.000711140593819623 -0.142585871923579 25.95877589611141 -3.131698657424059 0.0822745260126279 13.756113189268952 -9.3234325416031 1.4023810254072968 11.547328505896829 2.875992595235795 0.03237558301657835
64 6400 5.287680370385958 0 -0.000736791253924407 -0.09127478769601093 19.814123037267166 2.184376759385649 0.0156884885486466 15.393743885907362 -8.527107295784003 11.023503011585706 23.8486823134823 1.290149767595045 0.040726282239818126
65 6500 6.238865588272756 0 -0.0007361665798182076 -0.1387130216626784 31.955474640957735 3.724943602928612 -0.009956698347855215 12.10628040492087 -26.577196247980595 13.298934038040533 34.921985377757 15.238053252223994 0.07389565122345337
66 6600 6.985757263318762 0 -0.0007345293139635338 -0.3962213861316033 27.80584751802783 4.426476595690193 0.253975687075317 7.722507574140193 -14.499897663628195 9.649541930191504 25.577780257202875 8.786577529799512 0.09902564738892453
67 6700 7.547434647047084 0 -0.00072436023706479 -0.3249395119044599 29.29874544506351 1.8995889385654339 0.11518986876243756 9.93527169855464 -12.685526885815815 13.719963854251843 32.56836112341227 8.347021607259245 0.12090199646274102
68 6800 7.912340534326195 0 -0.0007370660896425487 -0.22143005092818197 35.73671261882797 5.498517861016454 0.05068145541649473 26.134295099190666 -1.7220576619224044 3.765912270299313 22.757887469694687 -7.213185563787597 0.10102437652382143
69 6900 8.14754008961336 0 -0.0007486427261027494 -0.20207363132310302 28.639645626921205 4.899459151798393 0.05088704079605188 17.094242870812913 -0.161749442864755 9.832163472721282 30.257252443728916 -7.878047310529314 0.0742988336862653
70 7000 8.56142344254921 0 -0.0007537721122920985 -0.2569063754330027 24.932174773201055 12.24680480496877 0.1535760001875089 17.679920423098274 -7.554942412173984 15.811232806181534 28.547637124129 4.581163186195101 0.053208900364760156
71 7100 8.349877127057733 0 -0.000746308481708947 -0.06448900716743877 25.510455522941054 4.663543509529202 -0.007790854387989074 14.432228684412229 -11.92338675950125 16.866658615979443 31.05160375620582 9.188001673159635 0.027212099802850914
72 7200 7.977191746706688 0 -0.0007454584516746054 -0.17674858854150383 23.467469282445904 2.939675618670413 0.041522422549143165 17.98464615943109 -11.51235000734738 9.601797929342872 25.277628236592136 -0.27972786849747155 0.05909448142956028
73 7300 7.148255026825088 0 -0.0007610136242248646 -0.14514108980497442 30.171073600112553 10.433855312401828 -0.03771280218668948 11.563590715128033 -11.36252350925614 15.895190786399892 34.97105663640233 8.062346272134352 0.061199772436611066
74 7400 7.1099765144742895 0 -0.0007516105850617089 -0.08043813323466424 30.77472707035874 4.403361599387478 -0.08019273207331498 11.874194543201938 -18.674021257430212 12.668983801019822 37.42944537258504 9.072248064886253 0.060468465461981535
75 7500 7.132152795011894 0 -0.0007543550276435777 -0.16442421668951568 31.936193137347225 12.15510038336585 0.01624824439681455 11.5425841114264 -8.148775703847335 8.637732951484752 31.733447958354972 0.5321317466654039 0.06301292124704899
76 7600 7.466674964842062 0 -0.0007542609967624123 -0.1386005198965688 20.484219509740623 5.127275534546613 -0.0226238994114568 9.506231318429442 -14.576178332181605 16.35604706251948 26.641939827566514 7.79734483213142 0.06171967423006912
77 7700 8.112845330923111 0 -0.0007590031297407362 -0.21219784485161486 23.841957605270217 -1.0807836670317892 0.07297760633184232 10.367292068518164 -4.546504664054101 8.841837848653975 25.08428453510276 1.6641416078459903 0.07057160255109322
78 7800 8.125306636120992 0 -0.0007600253616018703 -0.18681557159468365 22.619236204312017 5.462845159901882 0.08022854571403022 18.665539569311967 -1.9314896983361738 12.845763223529326 33.04357230286903 -9.239319641186256 0.053837695661797205
79 7900 7.696580963560769 0 -0.0007581885338421394 -0.2519203341536303 23.362236228587452 4.2206907630048445 0.13460673129187462 14.346030515020491 -8.914548341852782 6.891473567880146 23.176973790337797 -3.3599740455051634 0.07436069720400072
80 8000 8.44888501688104 0 -0.000750054398522634 -0.22635779691004063 30.15333460081817 13.022003902298927 0.08753066183751977 23.109154618296408 -0.5266258837625024 18.758581474584233 47.07438652324596 -8.27009307798706 0.053356429402241515
81 8100 9.522237112460417 0 -0.0007510640961197208 -0.1099258776713856 29.513501824856103 9.753716058328369 -0.07390755821325151 21.42990530795424 -11.611548424538505 8.897187769821965 25.289828680321598 4.727656373476213 0.0639152404002967
82 8200 8.977423288994956 0 -0.0007556822897936978 -0.17113892543707923 24.114014272823272 10.851721334955272 0.07880543729569287 17.522164533061893 3.8926705711346017 12.710998513855417 29.050885406894874 -6.742473164814513 0.052409759774223026
83 8300 8.120684742742585 0 -0.0007601304409539398 0.04165682449204189 24.066822730037337 11.213394395256081 -0.17789843840800654 21.197361678781135 2.326776783846716 13.713462373015632 27.930311520884032 -6.107161126204355 0.015405627053440084
84 8400 7.6917278718311906 0 -0.0007547302382621544 -0.03757133104448768 22.363105778828967 8.59171026965172 -0.09845733488802932 17.14442988170421 -7.442003260829171 14.50167369113719 28.722912650864863 0.023021710412856833 0.032195348117461456
85 8500 7.714853886106572 0 -0.000754078855726164 -0.08107080231451234 24.18906302739204 7.4076167397317105 -0.050560959300180223 10.239387643345777 -17.465594532984056 19.040031909425235 38.38041275604632 9.242378552537492 0.03701353722359926
86 8600 6.898711755216838 0 -0.0007724673270442378 -0.14881401384316317 25.32827030850867 8.693444912850103 0.012151236770760316 14.50814974041948 -14.815094582735956 13.626239346302754 34.43573477320864 6.431646523369149 0.058077238838532864
87 8700 6.594830738320863 0 -0.0007651605170862204 -0.19090858782243514 28.56113543026125 11.706113411644594 0.07264949454144659 22.217285062500736 5.293373141829983 11.771531783663217 31.451264086168315 -14.732565607828457 0.06973797864539585
88 8800 6.680604185839895 0 -0.0007583366446596578 -0.167112134961958 23.99456074103683 10.526363442756812 0.03855822090952403 16.903304529199772 -10.620463131510126 23.69695075010564 34.42593021135984 10.67439722866668 0.055063595828938876
89 8900 6.575423843603574 0 -0.000761079853241996 -0.19936979030492666 23.612028269525055 4.990605945283912 0.05895433236857824 20.301686158785422 -9.840234423198867 15.969004097732132 28.836075621997246 5.218127770138077 0.06466594598225853
90 9000 6.335612250951271 0 -0.0007593400770342303 -0.140427355493763 25.08266394104995 7.179728602558828 0.01121148734021668 19.350981597161073 -6.689998466639752 19.252678166835558 38.02612617240741 -0.9548656209024285 0.059209958723728626
91 9100 6.675290484505776 0 -0.0007561487518599737 -0.11760897259586935 26.539005454140888 11.623804279785345 0.01569694780089716 15.242115454441947 -2.8597092900735674 11.032016724345189 31.615293349049967 0.5485779626895082 0.04581764483316935
92 9200 6.750553782739136 0 -0.0007612920354149898 -0.19570573302743324 29.403959951316175 11.26844169904667 0.08271746792331791 12.870923687894711 -5.232842389674948 12.001941127037103 32.79440656906251 2.6082908553859254 0.0557891976850263
93 9300 6.8960033422865195 0 -0.0007619161058096547 -0.16965210364278052 25.297475186568928 9.29980306760333 0.03106599157640763 18.088140682062846 -6.074719188029264 13.551956854928635 25.70892774667292 2.5163878279632232 0.060529360277801855
94 9400 6.457502686158916 0 -0.0007652259753754654 -0.1161768308111447 27.723788260324227 10.893830167257875 -0.004681254502702882 12.057059290286293 -8.361367598269574 12.50676550139591 32.02849493965059 1.3681885208076987 0.051878168910903924
95 9500 6.047274160252305 0 -0.00076352546730269 -0.23736608724267097 30.022578289505756 8.275634105943512 0.09786655774488098 22.82234644646804 -0.8610302149873741 8.17599529749721 26.84564114221305 -6.803390468639689 0.07248618101142176
96 9600 5.915040628794383 0 -0.0007597233642369991 -0.17005571061750824 29.662610054831248 9.667258209885075 0.051420730126025965 24.217976388130648 2.8806033867753804 5.494336236554601 20.695903524694607 -10.250976621666807 0.06324811522631993
97 9700 6.697086211189873 0 -0.0007596507300081098 -0.13062963830618274 27.124593511972858 10.437117972742705 0.0022886610235731027 16.536610756676467 3.0044333578264517 9.800697509914269 25.237345052084628 -4.6222927823527575 0.05462298265589908
98 9800 6.155510509899544 0 -0.00076587741529742 -0.09984610900412653 27.454728286989244 14.80124702885636 -0.00859781019898802 13.345445374345907 -7.2520031953294986 13.552829641742607 32.646983403505175 2.213745234691171 0.0475842698758444
99 9900 5.836459620845605 0 -0.0007599710413567235 -0.07525350006887026 27.095027897437845 7.692630659200866 -0.06059780285866047 16.89671718666959 -7.500534268635432 13.499438841564622 31.40341535829381 4.65591757065935 0.04836406957844811
100 10000 5.3676067382712 0 -0.0007757693828110528 -0.12986392236140254 25.645800031443923 9.670111315138342 0.015003816859832955 21.797388070546358 -0.5247383109578276 10.564944138366734 23.806036048467735 -5.179145380892312 0.05334352034240442
101 10100 5.269909071082821 0 -0.0007726169522006208 -0.09411179270758185 24.959333093333168 8.421828137132158 -0.034499777452850024 15.313808089738195 -5.682762831082732 12.749823531755467 26.687869826847717 5.349693502202434 0.04385559543792092
102 10200 5.586814697967815 0 -0.0007612968204553135 -0.06618945446043531 25.29977677128998 9.657699823357413 -0.058243608100918776 18.721364333919173 -4.813048547391664 11.919609819805205 20.585264484272617 3.500720766153726 0.04206950026824357
103 10300 5.930152375847553 0 -0.0007640195535439611 -0.1517214536120764 23.796950653513203 7.650979214509157 0.02934794981073837 21.464509831207238 -1.4536361281203698 10.951193023851312 23.481473710807077 -4.115256491870644 0.051536611075179005
104 10400 5.411357378548816 0 -0.0007686039311897542 -0.13378870135164087 25.884160362233324 8.377340263160876 0.00018704965587328527 14.89861021085968 -2.582971947549683 7.0171804377421285 18.552293333634935 -0.475163064783354 0.05197525143559977
105 10500 4.987050240349002 0 -0.0007635074015587899 -0.1152444453530836 26.84470799750436 9.505627333514646 -0.01579311000265145 14.364775209379008 -3.039121135355554 10.479404822467567 25.578095034800548 1.837688783546225 0.048899299651473306
106 10600 5.278050720646984 0 -0.0007717253231647538 -0.17538659932866169 24.776306759139654 6.17309887657062 0.029456645847464897 20.586494113783424 -0.2502331011927268 10.213845798779511 21.88153089937391 -3.4707809595735526 0.061670639198551945
107 10700 4.909984187189338 0 -0.0007630950949044472 -0.11994013111903679 25.610660248566376 6.664824077007192 -0.0032365446306060744 13.380579515225476 -2.1960998668762524 7.60281548221685 19.714118260852615 0.823573758095836 0.05078899149934298
108 10800 4.3890514248757935 0 -0.0007778510390054118 -0.11639784883097155 24.423353389441186 7.3857098919354165 -0.004714572713253404 17.39329273638177 -0.10599245350021169 11.29030332319937 21.013721275934408 -2.281716420287029 0.051997055266090934
109 10900 4.293681072227566 0 -0.0007648151648404567 -0.17274204944303911 25.93845718820428 6.538654563089131 0.043886886413094565 16.702511578599463 -0.6804611596355827 6.062885399414104 16.807960220844866 -0.747046523421379 0.06453676720815266
110 11000 4.259976139833088 0 -0.0007742605420950594 -0.16600991248383726 26.41373594671039 6.8451235627584275 0.041542549740045134 14.92694749202176 -3.945993523587557 9.031234287377533 25.11800412239259 1.4911601874710163 0.058489620039194515
111 11100 3.976554383932092 0 -0.0007596827597094594 -0.1468475567233239 26.747126648202006 8.7326485805394 0.027345540012393248 16.117305374600722 -6.792204268276662 9.717735295083545 25.951110982135784 1.6414820763229867 0.053406356623278514
112 11200 3.9580426746729542 0 -0.000776770894908927 -0.11521809615740015 25.9753535841074 7.220341135824452 -0.018930515334744262 16.38164165257369 -7.084721061376628 9.01544958951755 21.866682298256592 3.464793550642078 0.05474318023145886
113 11300 3.7826393020922584 0 -0.00076618503302461 -0.13714504230384686 24.96259169041611 4.491063697895749 0.013290535298587324 18.776500187275555 -5.563871362090126 9.035010099719637 22.388126796173836 0.953355200330854 0.05397792074070071
114 11400 3.718443085865594 0 -0.0007601807811808064 -0.1630550721721498 27.412184422562486 8.80475500376271 0.02904971902801445 16.238445794874057 -7.300859114552452 8.873303861083931 23.55112802373293 3.6855555886373295 0.0619707709015095
115 11500 3.608071628755556 0 -0.0007562232377718908 -0.1800548506832752 26.995031901781633 7.655110423972662 0.058175959211128864 20.127365464565937 -4.34940118661096 7.775032882758562 25.24889519262009 -2.48511668985276 0.06022150941596548
116 11600 3.2674217413747173 0 -0.0007600040654292422 -0.1649248085560515 26.29570835218969 8.453467413746585 0.03222471826862391 14.294623430623474 -3.6492268699850845 9.389121244139357 24.12998979215782 1.9725090519844177 0.06053961061508229
117 11700 3.3962252155260546 0 -0.0007659971075142526 -0.13688907942048642 25.488551654069937 9.425168331520469 0.012675337772972573 15.201395773388574 -3.850802299766901 12.534077137073478 28.220729143344585 1.856569709810993 0.052614201103700756
118 11800 3.2688016498039723 0 -0.0007818480780571674 -0.1531585173146323 26.985317045166017 6.538012065719665 0.014935767298669005 21.32492815364989 -6.956947165576356 9.732102182249703 26.49371287270482 0.7392979160950768 0.05811202480346603
119 11900 3.1923587029833733 0 -0.0007678445343355501 -0.11889577773796903 25.348780670906113 9.511778907704501 -0.002706875244153986 14.016283807414734 -1.8666743467165894 9.745782878931859 21.709345487253792 0.9653641451196797 0.04959524469555121
120 12000 3.0539559140071586 0 -0.0007675170062684742 -0.15369271813610935 25.800109113009665 8.348938122509946 0.02536444198744159 16.04375024429931 -2.667573797026497 9.915044490107187 24.625405180308533 -0.2284416322418369 0.05652892320130375
121 12100 2.920141226584901 0 -0.0007661148866873245 -0.14864734982283365 25.32813627399038 7.6559417209472995 0.024089753572127882 15.69449051404096 -4.504349430106769 8.882528821825643 21.41283370934531 1.9339750762354677 0.05477078960870328
122 12200 2.899601871552463 0 -0.0007820238338122404 -0.1673612955438773 25.696964852998626 7.149165184105161 0.03495875363654375 17.52690490715333 -4.005672956679867 9.393034732065319 24.360716411735822 -0.5704102149945165 0.06034032615111338
123 12300 2.6388685803014047 0 -0.000771955119197841 -0.1428678958620057 26.32491951749055 8.403474445878286 0.013473923666311154 16.82353160592495 -4.095270086039704 10.33410923204366 25.587353051384966 2.1270797829431443 0.055395016990219335
124 12400 2.638248844656185 0 -0.0007679685889165847 -0.1738682501144228 25.720237059054988 8.464102676886652 0.04884956628578576 17.462102607682365 -2.199570827001949 10.274214388587074 26.49933904270199 -1.215624767785322 0.059288386030477494
125 12500 2.55603595952819 0 -0.0007711029220176706 -0.1661125889973768 25.972536562433014 8.453988355160666 0.0351555414552133 18.03883267250336 -4.2494567976810425 11.479826259136624 27.498091876288413 -0.2770615211319363 0.058193758266234165
126 12600 2.452110521628981 0 -0.000763466049779897 -0.15604606684500985 26.142910638209884 7.675077946275642 0.030411056981112447 17.104613946066138 -3.538832415456196 7.519382284012021 22.00141715437365 0.34654444418115654 0.055427367866507975
127 12700 2.310905164835733 0 -0.000764495042440973 -0.1730683820393355 26.254046014332076 7.865779898445351 0.04628998917376981 17.903699025793486 -3.648246397218345 8.27100534823997 23.775654689240962 -0.16865264118837756 0.059217480485137676
128 12800 2.341503747720008 0 -0.0007681548086912519 -0.1567313840690216 26.118264023502164 8.795617164318495 0.02911074778796464 18.98049278909035 -2.1940157760016197 11.021456518099281 27.928820802267744 -1.3127255197958267 0.05723686075861485
129 12900 2.4937977859358527 0 -0.0007649086459431242 -0.15850071141117092 26.339484130925445 8.849489724577138 0.030365197383135062 17.669344224653955 -1.3933944846092123 10.164203623749286 27.078602286690884 -1.6080179335210711 0.05781793766125282
130 13000 2.823234816626595 0 -0.0007710800306715271 -0.15341452943283926 25.882892262656977 7.863124885124084 0.030926644737574144 17.105467059182345 -2.3620581892397294 8.68741488670616 23.94218631081892 -0.9768238062801069 0.0561053560210875
131 13100 2.717893088263276 0 -0.0007670535649983053 -0.12696034235940395 26.687262951388202 10.507194607237713 0.0009718971122080859 14.720535405900813 -2.25450070300525 8.579958809404994 23.289232523033007 0.19743882677464386 0.051966402636075826
132 13200 2.66080846890901 0 -0.0007722939356551903 -0.15663814017779243 24.778402548712446 6.602753494859638 0.03259872601614369 18.643546140929978 -4.607071883432455 10.129064980802331 23.25115888387922 1.4223054484755557 0.056215089556097754
133 13300 2.5764674778907364 0 -0.0007578823755470415 -0.1627684333007572 26.87265303936208 7.6230379666785195 0.038085197085137384 16.0641375126532 -2.216837953543284 5.9342190610999 21.092881739305895 -1.1873315792581163 0.056917416985764496
134 13400 2.3960843480237486 0 -0.0007723200001586528 -0.14466863541609087 26.705174022584064 8.924482492484671 0.025174972465562506 15.172893590177331 -2.8509723075140116 6.80266552397757 21.858689148905622 -0.08870336479986043 0.054026973256918666
135 13500 2.40651352034658 0 -0.0007651647236485868 -0.17158029323973162 26.403452464870696 7.064999098873305 0.044317134392279675 17.045739184645118 -4.111637234683981 7.505929407624345 23.059044155811478 0.2800833194678902 0.05921459711279232
136 13600 2.4074651013827144 0 -0.0007700005076536986 -0.14715066678704078 26.08888832355131 8.68966458669643 0.020902441186509618 17.0862532181728 -3.1173113683858293 10.28990528979617 25.639924565579395 0.7046247106098449 0.05495133344971842
137 13700 2.241767065370616 0 -0.0007751388919595518 -0.14920562593599976 25.775593123449475 8.626011783080928 0.029303187818048148 17.007187966552728 -2.420170536892627 9.02554570689339 23.89929032123377 -0.5907116099120465 0.054706748405883146
138 13800 2.2180856825607456 0 -0.0007690190494033125 -0.15242010458486582 25.396803298701325 7.661834612283246 0.03251642601116458 17.10715896193678 -1.2994885434268237 9.790166139705278 24.662473270065746 -1.111802121857091 0.055858525176001206
139 13900 2.2132572682058607 0 -0.0007588812554719614 -0.16282345711537008 24.96398670753369 7.813145757498644 0.04179161555024352 17.430362712400818 -1.4076646066924114 10.462169163811193 26.298452528272417 -1.3382476556039142 0.05785628387530462
140 14000 2.1275647217934814 0 -0.0007782238320278629 -0.16046718793501008 26.632323839869663 8.274274965738941 0.0361236029102394 16.517782021516524 -2.4836786421611534 9.296967211050465 26.080027187328724 -0.8965424352643961 0.05730770309986965
141 14100 2.051687657286349 0 -0.0007649010044298125 -0.15363455131167814 26.33909457730362 9.182473057885733 0.03219370678540267 16.082643800900364 -2.6351935527300303 8.686750038993523 24.935686835041135 -0.6388720068092211 0.05549041300341126
142 14200 2.101153545885954 0 -0.0007721055125606647 -0.15637967643982825 26.143883500462255 7.5893426216991235 0.030059869484976225 16.55649958243335 -1.412967287739943 8.816585110500467 24.123972763042815 -1.3123225062422654 0.05605012035098619
143 14300 2.211998145430943 0 -0.0007645139836557683 -0.159335612232004 25.5473128828751 7.8980680719356835 0.03314956124373191 17.88512062640603 -2.533874077331943 10.805624818068175 26.419366800293737 -0.2433873548697843 0.057140864111262436
144 14400 2.3752061033596945 0 -0.0007594629484728623 -0.15974612652299802 24.914277615774104 7.883709028711591 0.03638686733052508 17.94546645331727 -1.901812593032302 11.566550869577025 26.992753809019643 -1.14695411988659 0.05656230326849987
145 14500 2.296807807386743 0 -0.000765784271195172 -0.15853744913947723 25.92845373813312 7.410007205925774 0.03237791171563657 17.498838048581995 -2.2889916223878783 9.005265306372277 24.543531478395906 -1.1344628880608867 0.05606790169158996
146 14600 2.3489468202475634 0 -0.0007579750617130355 -0.16282683087718428 26.399683348992607 7.181792422857008 0.035965918006683056 16.08453280483697 -1.843973153998982 9.68823007167015 25.679581134536758 -0.419536682218395 0.0577148882857904
147 14700 2.351927852613367 0 -0.0007699267670442009 -0.16828541104136024 25.714076243368304 8.204420368940282 0.043904430341938486 18.22355992553157 -2.5740159999604266 10.131480457336464 26.689455013957517 -0.8897217693881407 0.05879297379600343
148 14800 2.2642158967411747 0 -0.0007604383286686247 -0.15699247693144314 26.36769837724295 8.886985514108838 0.029094277798296923 16.020108431810158 -3.569534513636569 11.090822256947554 28.226456396753573 0.6043643787809069 0.05666958847869478
149 14900 2.0881202719327945 0 -0.0007685596406965824 -0.1646685728894879 25.666848825464406 7.728032175324176 0.04240990932336177 17.051395116473156 -2.0155919796873945 9.903202407923928 26.048614672147526 -0.3522880388519597 0.057696277403577
150 15000 2.0824428838436075 0 -0.0007661205141832764 -0.15623313736881153 25.914495962112962 8.679609505883352 0.02891419731502716 16.847033843043963 -3.6481798291709167 10.870933020942001 26.901583839898738 0.10958190541542412 0.055996795061125086
151 15100 2.1350461432332404 0 -0.0007610918941122316 -0.1647866087233054 26.106607079495387 7.204883220015567 0.0377193991990766 18.07778950177539 -2.892306475699651 8.75272046748345 24.541711238000115 -0.7328825277868566 0.057829089938362305
152 15200 2.0054151676907743 0 -0.0007638183466077882 -0.16776178244115353 25.747564335636298 8.009067625510832 0.0400191211260179 17.531571660826035 -3.1070228323493234 10.870742567237974 27.37454398038376 -0.0648515724117395 0.05800043117008057
153 15300 1.9741877891302595 0 -0.0007690184725175117 -0.16358537650586896 26.29391251738438 8.172023564331509 0.033965390058352266 17.440598762974926 -3.184946496063777 10.044917578164466 26.137509061423373 -0.045160086915456255 0.05744401515046236
154 15400 1.9404481805842475 0 -0.000766576382688558 -0.16947562129525334 26.462500400646004 7.038568423725978 0.0402091846679668 17.111310501164205 -3.1650738664633424 8.741125410874776 24.74965482734577 -0.1561779923359265 0.05851616291005283
155 15500 1.9925214877826982 0 -0.000766741111023352 -0.15707695180389186 26.503220123031067 8.102579330076951 0.028742838702024584 16.222779718980174 -3.328815352591545 9.068404187711515 24.749133827357447 -0.09915649893378053 0.055773097757402905
156 15600 1.999001838605279 0 -0.000758362497882151 -0.17612601054747976 25.931946232328126 5.415917790303072 0.05152930646120649 18.3309223749891 -1.3224025813553737 6.863700238035699 21.86915071460671 -1.9061438813171667 0.06009868862837805
157 15700 1.9713769623880764 0 -0.0007647420271798474 -0.16158699823124462 26.32427597833471 7.191969070344966 0.033576923401843456 16.79842584477058 -2.7435872944779494 8.71102651842012 24.43665591294 -0.6520577523266979 0.05727370392135138
158 15800 2.1640930025914336 0 -0.0007754359694542126 -0.1699925709730732 26.06496505858109 7.021327122535705 0.043799640453563715 16.806555509721257 -3.1546837233587155 8.997601787141614 24.8684076435918 0.27367386909465263 0.058512236565333484
159 15900 2.1325088201143467 0 -0.0007726155705005072 -0.16012290728408976 25.96200507317601 8.262134767524444 0.0325682462666927 17.055971866332612 -1.173135921426029 10.599378221002008 26.67742412467304 -0.8645079724629503 0.05678766152994155
160 16000 2.307639237872261 0 -0.0007676425646569357 -0.17051692299325 26.428140615753108 7.727248779369323 0.04440735380173525 16.760275858494264 -1.878373836761391 8.972778724913091 25.04468602241573 -0.9309589542373844 0.05779634970428429
161 16100 2.253498740561266 0 -0.0007509032997639952 -0.17050206587384148 26.862231193103472 7.119094737940511 0.042878064079232676 16.742669496522776 -2.438716440454048 7.0474831470911745 23.151095869703767 -1.1618290069064339 0.058786223187910505
162 16200 2.1662842420932957 0 -0.0007673399277100618 -0.17109136554286236 26.596620295359894 6.720994302106359 0.04468357261034527 16.493620402850496 -2.3135209164970774 8.453119715167377 24.932231661835182 -0.8793778944557216 0.05865089498819431
163 16300 2.3934472904931905 0 -0.0007600284983977903 -0.1679819547142985 25.986344795728872 6.506593666047481 0.041806274660093144 16.971393925449 -0.5212625753192366 9.353853506335057 25.217821650875322 -1.3612666705849394 0.05825602634612852
164 16400 2.596535794554965 0 -0.0007627826366838231 -0.17350948231529764 26.138860238774896 6.967025135909992 0.045019547224925315 16.635301283200114 -0.5550841060592129 9.593210551668955 26.008240244396237 -1.7774006852716875 0.0585517133201699
165 16500 2.671558206098851 0 -0.0007646758184420614 -0.17091078429766662 25.818921694712436 8.104640803497668 0.04347729305511156 17.177309901293317 -1.1696385181376412 10.224969031566518 26.47812155695641 -1.3120693081264425 0.05841938753449344
166 16600 2.7757681815079014 0 -0.0007658099653233071 -0.19278272144842712 26.900938902815188 5.934950895852189 0.06613039305558663 16.403769764928548 -0.7410019610681997 5.968675160363082 22.956679912623766 -2.7240661856475086 0.061653296991263144
167 16700 2.7944109038463405 0 -0.0007696949320028098 -0.19090559351062364 27.0892565067604 6.04566208439822 0.06242168917900302 16.14637945075846 -0.715638073046293 6.91103278041575 24.83915907145584 -2.641020088458409 0.061229428447249976
168 16800 2.71523831798847 0 -0.0007584837217379936 -0.17417956300392243 26.14739123336793 7.355371921830545 0.04406586120546773 17.195632940139216 -2.199029831545873 9.846648899037286 26.560208508992503 -0.9662107811924675 0.059224402275299466
169 16900 2.77598698036272 0 -0.000763200426222652 -0.16762158673846006 27.14005271168265 8.170288674296968 0.034548483716570044 15.382866223638855 -2.90682670198475 9.883874618717163 27.415634105502004 -0.5109511565514044 0.0567111694065989
170 17000 3.1805226302312652 0 -0.0007736469199891354 -0.15940667246445717 26.014730268099505 8.137478812742133 0.030334633210116074 16.32790098536459 -4.343462324433038 10.685378865515132 26.2133416388341 1.3848695757560685 0.056559503358430394
171 17100 3.0186043921621137 0 -0.0007623225283184318 -0.17132140966371423 25.564691752117763 6.252353111686919 0.0482855082989049 18.090329059413712 -1.316468105153086 8.626672061979532 23.72083713394898 -1.5424927986581491 0.059163397127719876
172 17200 2.928048645924695 0 -0.0007707134753984167 -0.14994351043390305 25.450539672685277 8.09999124138364 0.02111149006236001 17.46390555836917 -5.184944202981914 12.842980152392744 28.550889697999498 1.7377004454076448 0.05564094398146905
173 17300 2.813244367968861 0 -0.0007641818790115136 -0.16751919615832947 26.22911780040801 8.028547016397502 0.03912944145988528 17.370518083784 -4.1828538232748524 9.954288864087061 26.598955383922984 -0.0025816087593878434 0.05807625347555151
174 17400 2.4997653774706388 0 -0.0007743645455743082 -0.18120914621256418 26.310374563738463 5.726287064574782 0.05457348608172427 17.26587588750489 -1.189119140506407 7.690328227693496 23.908320873364698 -1.7504972122676514 0.06069879222577384
175 17500 2.440042412115788 0 -0.0007643857278685268 -0.18063569906477245 26.38635845536256 6.167953823977255 0.05178821496776938 17.406287285061197 -2.58444002353162 8.63374971210827 25.20253185618181 -1.6423724263451427 0.059460136149265735
176 17600 2.3213395719520853 0 -0.0007677704761511106 -0.1712604461003244 25.887709228565683 7.2575890486329016 0.047153434120240374 17.516493616010138 -2.332282732286056 9.006522431337459 24.922606470891125 -1.1179570778529484 0.05871479576482542
177 17700 2.4670992551091424 0 -0.0007700420626388505 -0.15868365070559437 26.389185841773884 9.249656445917232 0.02988228531178894 15.210883860568929 -3.358512403469204 11.90279937665342 29.267541347045885 0.7868314956366013 0.0553287819359105
178 17800 2.3282542505211237 0 -0.0007640589797838195 -0.16789939413973293 26.68229921437177 8.041274197766011 0.04038240458786819 16.517631906427464 -3.1696020333788706 8.739272217093227 25.079912446953905 -0.37884183225857443 0.057281214236529675
179 17900 2.11709964867285 0 -0.0007785140091443204 -0.15788394469618952 26.259827437597032 9.678849805570223 0.028241547983199812 16.09182977808898 -3.0444993077885614 12.249231994452332 29.692398090423087 0.21432335793497342 0.05571564525756677
180 18000 2.083797899647493 0 -0.0007688545785607405 -0.15809300696764048 25.882093171386433 9.358306708883458 0.027749342493393083 16.881245199401757 -3.4757732727678845 13.03375861053193 30.39717337614188 0.024115783473225655 0.055737986882698154
181 18100 2.1663168577473577 0 -0.0007665913059569441 -0.17649988076268142 25.92904116869384 5.90669457470745 0.04954794526062101 17.30511569218345 -3.4106013799962738 9.790526041917598 26.39867865648927 -0.367111333912576 0.059402816312735224
182 18200 2.33781608184187 0 -0.0007655757970021559 -0.1627591678940446 25.829240921528015 7.678775406769462 0.03309602879691551 16.617126263870006 -4.469536901359328 11.902721050433282 28.45553853538354 0.7281370511763411 0.056497552633895436
183 18300 2.4830087007480905 0 -0.0007618931074103915 -0.16636557723347942 25.480666598327907 6.842411120789251 0.03877659127272389 17.59798326219244 -4.463070637058791 11.1838160874786 27.392214391822048 0.2721430216778682 0.05777103249981018
184 18400 2.379838645074599 0 -0.0007636553265378033 -0.17870316077063822 26.770039762893546 6.987102448225211 0.05188163706629174 16.90766415570031 -1.8370323981565524 7.324807751770669 24.04515909261242 -1.9052230571003423 0.05942902323634511
185 18500 2.5522401100697363 0 -0.0007648161412278185 -0.16466012579723793 25.922282707843994 8.63418081162068 0.036757159257867704 16.215423461211167 -2.340148678897373 12.32161141082736 30.23937484339573 -0.9936519298887233 0.05640006038258825
186 18600 2.5597948070287453 0 -0.0007728344506943013 -0.16730172772634522 25.977195962477907 6.110487413787542 0.03845777497344524 16.751166357004678 -4.509059936078592 10.271850071546034 26.593672769726922 0.16407100947425046 0.05801709378756735
187 18700 2.456874459049335 0 -0.0007705187098946976 -0.1819743821087699 26.355086183228593 5.608193901102869 0.05322150236384992 17.705772265534026 -1.4848641514916125 7.680188490566822 24.0266410081111 -2.20684846882894 0.06046040648836926
188 18800 2.446608011962127 0 -0.0007649125126450884 -0.1764947761772629 26.174424717802832 5.731333149760872 0.048146191664283536 17.35588959407392 -3.5168954035555005 9.432012028045554 25.8064609380897 -0.29179516981503356 0.05927549444095226
189 18900 2.6856739347118035 0 -0.0007692563968139127 -0.17289007598336786 25.66928388380598 7.0422038814051895 0.04384709705490211 18.396953927108452 -4.686584934594121 11.035298662585411 27.69957353897887 -0.07823430379419319 0.058683589938438016
190 19000 2.637642759009533 0 -0.0007691395888748371 -0.17714565308522967 26.525307792828137 7.351475434439667 0.05011306451770947 17.519980265635475 -1.6093473901040176 8.029956168942132 24.828564822336435 -2.261585876791022 0.05911415790956165
191 19100 2.782441192700656 0 -0.000767527325229624 -0.16465059214348193 26.449063116163654 8.216538703163081 0.03649472518642175 16.888694034878235 -2.9836893531045234 9.452024820807962 26.184739932974193 -0.6841787911231804 0.05759965115581353
192 19200 2.640919641069602 0 -0.0007596521657596026 -0.1641772818108436 26.110253611119614 10.023975231654877 0.03220784117268408 18.242734500657768 -4.896628004575037 12.018121710925664 29.542317336034497 -0.14946591651142233 0.057109020040183346
193 19300 2.57906347417687 0 -0.0007558763788528003 -0.1610875656756815 26.566699677388943 8.66683288413333 0.029955000872100762 16.215382692866594 -2.9245534201760472 11.435232919445182 29.274226502759895 -0.6427040746382473 0.056700131963905956
194 19400 2.370826348932909 0 -0.0007598768894449292 -0.16091230212405355 26.318006046975363 8.113970998802026 0.03175517672871379 15.762852192749452 -2.9634887699392705 11.673440355552792 29.293703968571684 -0.03758681519301038 0.05635997781104111
195 19500 2.365122041648701 0 -0.0007615192763481939 -0.16775618806477405 26.820845966967163 8.213300025696164 0.040296585765471474 16.168436169969777 -1.865578538596435 9.213817269143178 26.611507945843925 -1.4433608808469605 0.05751508979153397
196 19600 2.3152934172841952 0 -0.0007652320239443158 -0.17922672788809363 26.698110933839224 7.0904082274332705 0.05057075641769284 17.485460543289733 -1.5211915441232886 8.302369579663367 25.57904574695508 -2.3290706613887338 0.05947096551957995
197 19700 2.449253911251806 0 -0.0007636339507442595 -0.18767941719465353 26.993658483417445 6.092137404200154 0.056784692580677296 16.733723760958508 -0.5619416064341416 7.680397314087266 25.54556352906871 -3.109361836508331 0.06097734699972284
198 19800 2.3812411396357938 0 -0.0007672316923256606 -0.19409511501410026 27.008363590764684 5.894006573385704 0.062061810845417786 17.58029965512914 -0.8805946056334193 7.590148491255478 25.666923950730556 -3.183398154595298 0.06186709362856867
199 19900 2.4018931711929534 0 -0.0007801335588620556 -0.18932714478647067 26.84898980313094 6.261457164566144 0.058536310065858604 17.130267646560764 -1.0349257756842527 7.83313509785019 25.447188217175132 -2.871177335741594 0.06074872225860919
200 20000 2.3724306962344617 0 -0.0007713793737945632 -0.18499191728676326 26.347054110865137 6.159968535704773 0.050454350779793974 18.641259852038704 -4.4337748340473215 9.237023016380567 26.28705366027494 -0.9237545984884988 0.060853886020113795
201 20100 2.3037642616064935 0 -0.0007645363062247232 -0.1779351365662447 26.830843538191388 7.665454974281742 0.04699947747676224 16.903018420923754 -2.667273406372236 9.464715632285285 27.58504775479197 -1.8304546634162313 0.0585737362995615
201 20100 2.3037642616064935 0 -0.0007645363062247232 -0.1779351365662447 26.830843538191388 7.665454974281742 0.04699947747676224 16.903018420923754 -2.667273406372236 9.464715632285285 27.58504775479197 -1.8304546634162313 0.0585737362995615
